0.09843567060364311
0.08779140641474488
0.08062317363366292
0.07508695524234599
0.06845206356062285
0.06234172580971303
0.05763356291690739
0.05205520032844828
0.047314879099899676
0.04501272876990075
0.041074887531734695
0.03857381062059155
0.03592439777559701
0.033461930812789496
0.03207981782305629
0.029203606852478737
0.02667412807019974
0.026884879365111983
0.024028474878644058
0.02320340041850434
0.021479174320689007
0.02019717807721011
0.019802982107752064
0.018980811242416063
0.01879487898195357
0.018526520396463016
0.017556753434610446
0.01693050102010142
0.018170550599560922
0.01664782341521282
0.016926004207489062
0.016730357268823704
0.01646317874606647
0.016507535497695063
0.015764703693376462
0.017375462989468092
0.016333841772334635
0.015589112161193894
0.015077774157822918
0.01496121116512251
0.014834056215377757
0.015586845763700397
0.015482393953921392
0.015082584459355635
0.01617540618827596
0.015965321236514913
0.01535542664344706
0.015103353684490993
0.014896459015318641
0.014197880034047174
0.014499525622318423
0.014701087694641865
0.015034967552627516
0.014756429772694512
0.01404235893048016
0.014678943639787482
0.014942108778337808
0.014034807559550052
0.0141728757439828
0.014872882917387135
0.014490749946067784
0.015175357834226941
0.014849861264744888
0.015058425675263162
0.014633940995732057
0.01429625242620253
0.01536064078066416
0.014601190125670826
0.014573360377960679
0.014905659769136078
0.0155631376201456
0.014230007275586345
0.014550413626509646
0.014169838972821163
0.014223176132719364
0.014812403881499762
0.013910995961204944
0.014666718262920797
0.013834217430025915
0.013678762616672514
0.014059333548404072
0.014275541137183226
0.014766541348748708
0.014157915073938068
0.013970436824374152
0.014784549068207867
0.01438594962689704
0.013981984351114566
0.01434797732215275
0.014369902578523119
0.013705006595090703
0.01348072393788194
0.01421236301114469
0.014458135793755681
0.01455799819552761
0.014341473627096967
0.014418810184535539
0.014606539968891528
0.014208037720530496
0.013892386324258679
0.01471895251633043
