0.1932716616135373
0.0863021293418008
0.07858128788554543
0.07131882959798526
0.062275967720567454
0.05780536294651025
0.04909968619985872
0.04374671597797852
0.03904097872590323
0.035058539364563525
0.03109990727080245
0.027461955319191725
0.024827122689205974
0.02366237992936033
0.022008211657851873
0.022150753284173767
0.01890547063743011
0.01722015735945995
0.016982936023692594
0.016783122039078523
0.015008039775969716
0.01441333316899329
0.012965664969281662
0.014041575699817167
0.014130828363196287
0.013052771839944868
0.013002434840455804
0.01296330508742896
0.012299383349836546
0.012333664312700662
0.014320711931069537
0.01195712266038764
0.011895029756951649
0.011584002069020525
0.0114262957118158
0.012079836505152366
0.01203094575976805
0.012123150975920616
0.011595035565534572
0.011480331225869814
0.011425109699211507
0.011129387084936623
0.010920984720954327
0.011149889084432095
0.011276960005444947
0.010252578215078476
0.010863623652939051
0.010868066789919358
0.010150368983310388
0.0113599080068198
0.01021061641786373
0.010496118388484495
0.011155049650062636
0.011154452543499328
0.010031637622427892
0.010071317245637455
0.009993146625157523
0.010478400664180305
0.011047925696316623
0.010514261951252471
0.010883282633389564
0.011330347240610727
0.009815875840154965
0.011251514722468116
0.010942260081383113
0.01043969308737968
0.01088083216562241
0.009992853106086977
0.010220921469534693
0.010463874465707765
0.009663985106254647
0.010690950674767842
0.010749713054932967
0.010108867179386964
0.010427857908684697
0.010383713569005434
0.009946471305928559
0.010331190667216592
0.009720949546775949
0.010370676435682288
0.011347575908070517
0.010693896948426896
0.010436775764031282
0.0108284877796036
0.010548400860416859
0.011238839084680251
0.0101190647078203
0.009694402615334672
0.011039409681182895
0.00993927712184489
0.010245691000462673
0.010020639571132035
0.011091831754906594
0.009663844296676964
0.009871409045430872
0.010624552372682502
0.010440351661874283
0.012254838229836999
0.01002457942098113
0.010577589716747507
0.010376908585282944
