0.16643220621121022
0.09701506757501335
0.08336403143985409
0.0793184775177917
0.0732671338065306
0.06800053449857674
0.06017044742467906
0.05261858859574585
0.04540500177592322
0.037893240994655616
0.03406167734227522
0.03291172090364219
0.030153052266072507
0.030781176049807363
0.029860254957690267
0.028788730149378453
0.027551263699288047
0.02658921890675397
0.0256963110561423
0.025539037174761272
0.02461276551718412
0.024226209225696054
0.023991176034374076
0.02243352335072421
0.023314616043392494
0.022413353623591464
0.02251243553675406
0.021525847401937193
0.02114128434013187
0.02179114943092261
0.020618634734960246
0.020487848344241503
0.020685755214414174
0.020962807159781244
0.019628287564444305
0.02018976507889738
0.019317005473244733
0.02098274696224339
0.019982762306932574
0.020981868231031327
0.019765811187469198
0.019961323210008357
0.020222292669842115
0.02017291563365789
0.019135830243111766
0.020441973351696487
0.02016170761133999
0.019445021659720816
0.019934222804096
0.020311060959686402
0.019526330835264897
0.020485256979968454
0.018894938754443782
0.018559444960757676
0.019581931610461407
0.019451387219090795
0.018402336654693277
0.02043326975737956
0.017757267525076875
0.019611202821116527
0.018156113462668596
0.019882785344095915
0.018338799589987624
0.019458506181121868
0.018473950774173742
0.019608620643614932
0.01857497997371387
0.018204106338617552
0.019470843268245684
0.018298605212829055
0.018747750005892
0.019847881149476266
0.018062775203041854
0.019059193117902162
0.017511712989681138
0.020572261609166143
0.018619619776022927
0.01809555228806127
0.020238797681954364
0.01813572127877941
0.019643954813848306
0.0184940686744803
0.018724929880080513
0.017600241933788927
0.018238182388348612
0.018871478004284688
0.01970167585997647
0.019479799837161246
0.018481803750809284
0.020003643354408986
0.018103355189514437
0.018667395991489408
0.019223071535032506
0.018871050887165928
0.018295009266170288
0.016980013002935473
0.018019447183268627
0.018059006731665776
0.01964037884359094
0.020047486697258803
0.01952356610443438
