0.16673361604159992
0.09522724502442126
0.06759772174401484
0.056149216780231985
0.047886449939484745
0.045795881126352814
0.04314202983644998
0.04124544359895464
0.04134078527810579
0.03532261064691795
0.033879734988833884
0.0304231483274542
0.029359851422310526
0.02850119754047688
0.02824422066014314
0.025206017897239544
0.025159286898957477
0.02367887548233589
0.021020183111772405
0.022181681254690888
0.01929742970957799
0.019594300252214425
0.018821098071013773
0.01812613838902001
0.017142475788444533
0.015308893522123047
0.015306914824062875
0.0154431129081141
0.014517887898348271
0.013804429472128461
0.014451726082858038
0.01248857261312637
0.012739826290432889
0.011717792952302563
0.012629835451776516
0.012491128708041484
0.011599090611170502
0.011691880451032735
0.011314550487487203
0.011552132313752284
0.010513489260304829
0.01074282556671268
0.010897706910949002
0.010169522818196223
0.01050214060402624
0.009230273023074108
0.009600516235802369
0.009265155526454969
0.010213038463106871
0.009366323328854731
0.008810211466972358
0.009725853033636808
0.008670429466899896
0.009386820938745289
0.008136210969831796
0.0096363320362935
0.00843445737268518
0.008918170121136769
0.008761122012324873
0.008551081053411643
0.007970241009626898
0.008354256597925177
0.00951255868769255
0.009077980904753535
0.0083619302886318
0.007438796462543473
0.00812877700979503
0.00842434523018713
0.008299140653057155
0.007164735644641891
0.008588659555115865
0.008922625134929703
0.008576888227611478
0.008995036253568315
0.008542236920721763
0.007687719703687847
0.008023832111538858
0.008528185533361814
0.00807025050479187
0.008982538534252783
0.008672566703190861
0.008031137518956495
0.006945882874866133
0.008502197756445166
0.008655084903086313
0.007278465240572011
0.008159490129817102
0.007712226774450824
0.007610515779351539
0.008130776717932997
0.008019166714875481
0.008360269803097462
0.008114393070827381
0.007758802145057431
0.007442644050692576
0.008333029244182687
0.007709008771162755
0.007896833960121136
0.00809729286226644
0.007550595865455012
0.008698982437508284
