0.1924704805247916
0.0932202373809569
0.07350757659791729
0.060906339103330064
0.05872333593817483
0.055630773062450595
0.05175175054447979
0.05004262452580091
0.04681151556068296
0.046325452884988835
0.04521840526844988
0.04342008431192968
0.040483391199886226
0.03746473732570516
0.03637314726759133
0.030475754957815664
0.03158538420378295
0.02850832002184114
0.025877516843660946
0.024206929894110205
0.022110292978260566
0.020146677076019182
0.0178001662371353
0.01758359507651666
0.016540822129383834
0.014290361352075821
0.013234631632401316
0.012061793675890645
0.011562398760499496
0.01121440784599683
0.009830409502209599
0.009085964483091442
0.010458624658375684
0.008822359723273226
0.009621390385646196
0.009681227350291019
0.0087448669639237
0.008447759761991872
0.00788745254192476
0.007475776857027703
0.0073845261841640275
0.007263792172342203
0.008096868706437436
0.007531905479332742
0.007207686542699975
0.007415091416712486
0.006616251771049934
0.007150158601773952
0.007173751659363127
0.0070149588961073645
0.007567723269052251
0.006892522965972419
0.006290372790196266
0.007199069193352242
0.006662638547135479
0.007267098678165736
0.006987885948660031
0.006920529272598482
0.007186092425406132
0.0075463099604515015
0.006668433347571646
0.007680171697049546
0.006574263499910831
0.0073254073252533684
0.0072383275360618
0.0076579132555015545
0.006597608321344846
0.006844867057305896
0.007327128430348602
0.006893017980626408
0.006773053488440394
0.007182092448848587
0.006771617940643931
0.007057988046582134
0.005445926273278534
0.006232612589488652
0.005978361031737788
0.007105847521165006
0.006476012105496378
0.00629449803299742
0.0057529973533401845
0.006242396255214033
0.005380206911601604
0.006770611231894557
0.006898949156254002
0.007277605064650378
0.005841865851634219
0.006257803045570894
0.0063116857285556984
0.006398167848502139
0.006269711729315062
0.006509973960858008
0.005752917669128717
0.005913890588300632
0.006254510114882387
0.007070280661042796
0.006264308381304291
0.005514305386956609
0.006351751354721446
0.006633366168287413
0.0067430798105128295
