0.3365484118901167
0.1669221996549048
0.07128617546934317
0.0619429479175135
0.057794881319805806
0.05544869278629169
0.05037456764112235
0.04453918735328473
0.03868069892598824
0.03821312717128866
0.03539209774711389
0.032227102232528525
0.030266235630692022
0.028666858021359546
0.028050365426582863
0.024091993469426226
0.022993212364305064
0.02177156248337659
0.01899087329177501
0.020173393939391902
0.017845262509687047
0.016732146566345654
0.015510251169434898
0.014723143095255768
0.01302772742400306
0.012540375410378444
0.011531825782236634
0.011196423845765859
0.01006232924436996
0.009722960225643009
0.008796118881906954
0.00888689482912132
0.008006440048289001
0.007568010253484665
0.007677914200914363
0.00677710449469012
0.006427674550324973
0.005915188526850686
0.005851121068199994
0.005360142322966836
0.005384143629505041
0.0055823436571809425
0.005323323180627979
0.005245699529943527
0.0045423031900698385
0.004674387848446292
0.0051736137416341825
0.004308782268630886
0.0043984147913064256
0.00413270748131702
0.004216310160039359
0.0039841812374016026
0.004334017737715252
0.004147177796246747
0.00431302269610394
0.0038781064204163923
0.004273718547764761
0.003665288484950882
0.004079519219298921
0.0035964396683159363
0.004181165992686096
0.00347764962144279
0.0038622473196411986
0.003972273523733462
0.0036496131180571993
0.003632064627350025
0.0035611350200344346
0.0034639882010853405
0.003950766951708539
0.0037253343578516475
0.003308672331165902
0.00416458487374648
0.003528561284468257
0.0034883341061594723
0.003423887680276769
0.004099258947764795
0.0037505158614442335
0.003437689328309241
0.003871029040077264
0.003522592762588097
0.003213084465192988
0.003887038147381688
0.00290902699980748
0.0034636861386886024
0.0038988555002081897
0.003522610258010886
0.0037361798150890714
0.003307638901003992
0.003533595240264091
0.00306502210919895
0.003616520071463389
0.0036167616864504677
0.0034076496192323538
0.0033302046789814976
0.0032885554234842293
0.0035088499053431144
0.003632201487237158
0.003085054045888547
0.0037080808818363816
0.0037950158418182355
0.0033041693275326907
