0.2745668101922124
0.22563550181332076
0.19308118782871653
0.15408243232111662
0.1332328844314723
0.11081320539088721
0.09626971565330501
0.08448886252535916
0.07903602347576195
0.0713966718038927
0.06581646494509383
0.061733949213946385
0.05666496608637817
0.05046177187763263
0.047028317780524305
0.04219923989491243
0.03817883785625676
0.03493550372668248
0.03184122131155827
0.028897243291968765
0.026202648997752334
0.024041302024935044
0.02286952905978435
0.021798644789668524
0.020882942366874647
0.020922568618700607
0.02045441041781916
0.020782932558222847
0.0201388488087729
0.020220854820346752
0.020466932698033777
0.02025545534962492
0.02010198409930793
0.01989269863474148
0.020575837735472138
0.020551954921064413
0.02046259963130952
0.02016006699211776
0.019819533586266938
0.01972245744891861
0.01979416181362083
0.020452122150885165
0.020126113054799256
0.020257667274492852
0.020221164401784047
0.02015229491939407
0.02014639334732695
0.02033852145900063
0.020238371134320386
0.0198136184858541
0.020752688180642846
0.020494163411269858
0.021070885760822885
0.01981918068883259
0.020102111182870277
0.02035351745122616
0.020184329530734128
0.020099398997576894
0.020266026120376292
0.019977379312616516
0.02014430141008155
0.0198852777755341
0.02013832179611524
0.020733662737617405
0.020529648089011
0.019896417524146524
0.01993509543315919
0.020142286435452506
0.02041213430011713
0.0209140581736796
0.02049635912446588
0.019964402166173175
0.0205806352461817
0.019818775029143792
0.020832380063784746
0.020091601318993207
0.020633910361954326
0.020100789126729007
0.020798421125236697
0.020878531089660587
0.020165432731145638
0.020074460429962637
0.02021742902256505
0.020381831886165165
0.020106998173415443
0.020416195240931807
0.020066252936402337
0.020236681346403093
0.020652479863806913
0.019764163050584236
0.02019088045365117
0.020484735614999864
0.019669978977492675
0.02054923314425132
0.02034378046069453
0.02029284613961877
0.02067116820471964
0.020515375163796375
0.020148807185369502
0.01994859740865069
0.020273289867964808
