0.6341322707677577
0.30219156483456316
0.13128152537083249
0.07209809609562735
0.05986734035667772
0.049091044183220287
0.04398075023201981
0.03639277594828144
0.03399656575159376
0.029196484143040123
0.02720433151403023
0.022702080780270015
0.020378150788837437
0.018855634223143895
0.018276972852855594
0.017337258806118958
0.016051053435005975
0.015729635366467248
0.01516866018929428
0.014285478374832109
0.01353904971899391
0.012449928820174653
0.013355195613746559
0.011527321113506442
0.011952530408025908
0.011422401671521913
0.010398648604235753
0.010611112606173123
0.01034147696270423
0.01011688274257677
0.009782410682355937
0.010313727644457137
0.008885249706988516
0.008957440808805764
0.009289878762816055
0.008807935105550084
0.008621410693605861
0.00859043439487099
0.008530560853917893
0.008322543743994434
0.007633934356722955
0.008257541783426674
0.00847317683429261
0.007855010009956618
0.007769889203539499
0.007967345725466765
0.007610053380881983
0.007327877651279537
0.007339309622723893
0.007145769115894634
0.007466122356768978
0.007555086290298581
0.007614168025166844
0.00684372205976693
0.007327272619440711
0.007248430879268202
0.006828556265160355
0.007186913000082762
0.006910451704100678
0.006574729809760982
0.006727599668278057
0.006505254713611207
0.006779310286955736
0.007537775204568969
0.007113760119102234
0.006475764258277654
0.00726414812267401
0.006715030457460524
0.006614200069901662
0.0066558021864724405
0.006452680454491846
0.006759499322944551
0.0065143684214017325
0.006589430586242417
0.0066124136631732664
0.00632690737147385
0.007069368503873902
0.006523729142345347
0.006680136081225685
0.006615864307140666
0.00660760370723084
0.007347972462016079
0.0071434864920615565
0.00678147047457207
0.006583853560962786
0.006131652314378634
0.006821176508216414
0.0069079146383845816
0.006064477248738439
0.005953585894350172
0.0063385306840925935
0.0065737270951075275
0.006420821093461952
0.006226775238763923
0.006529772911889992
0.006643683431595791
0.0061677000243412165
0.006586669015920338
0.006755461642155957
0.006399671696742754
0.0065265294025567645
