0.10095300248054159
0.052336454400627716
0.045767008487926086
0.045325082993764546
0.04403553463277579
0.040322256175797315
0.04207281764405738
0.038055540856881814
0.035980644613431874
0.03543162599869652
0.03132524991264232
0.03085543009572049
0.028777052981234365
0.025658423810686396
0.026126872705624662
0.02230091740702113
0.0222145747266024
0.02181242271221117
0.018666938367719123
0.018797913468145952
0.019049860454591148
0.017206290228988185
0.01624763427993973
0.015428218385350002
0.015954847812364854
0.015031161439705685
0.01417639921487035
0.01347900022121086
0.012515342435003695
0.01200845867828592
0.012255473198471315
0.01269134721476892
0.011510525535557791
0.012185357558483708
0.011520646731263297
0.012273938056058602
0.011190522903536339
0.010917411040345425
0.01135357525184608
0.010209255484511874
0.011021966324943247
0.009967436040854519
0.009651292065497044
0.008828951788864038
0.009772945681704158
0.00890762557547716
0.008949269156389288
0.008687963112505519
0.00956138717239682
0.008792497444180362
0.00848944021909904
0.009505425285583027
0.008660710414258711
0.00824732209248917
0.0073269014329268144
0.007947163154046592
0.008739366880514427
0.008147339039943689
0.008463174715644194
0.008628418917987471
0.008412493611395766
0.008169404374584565
0.008889411207176755
0.00763423441926769
0.008169286307397418
0.007946048839931528
0.008721487868524657
0.008665868260340631
0.008024009381474637
0.007626177670103986
0.008743753831080338
0.007319265647206533
0.008097991739353012
0.008625276978379545
0.007641301198229006
0.008854933624399508
0.008584849208806988
0.008211152865024211
0.008240831294865783
0.008070878825762441
0.008005468725723839
0.007898204389327533
0.008300691212664385
0.008370270601498149
0.00734559375707069
0.007916752386272758
0.007619264407018992
0.007970634304799355
0.007930844639746762
0.007480664723985564
0.008414479186030608
0.008674878052244732
0.00793971883852568
0.007839884454557374
0.00791541744516467
0.00809733049633917
0.00888782756721078
0.00730798362288247
0.008409007047343786
0.007744945435097155
0.00844572781934929
