0.20160346517987884
0.06904428368415515
0.05499491353903149
0.04946981445469011
0.03968382762184391
0.0366492828546861
0.028978861443002123
0.025258873894654258
0.021908286493050436
0.01858953123054949
0.016113709988131233
0.014305880932484413
0.01332459551463633
0.012099521943079587
0.010831374096133892
0.010410018003294032
0.009388736638590463
0.009309020581043449
0.008809829705472026
0.00836751396473953
0.00829066126643259
0.007464603463289539
0.008379892293059542
0.007324200787164113
0.007405482099894004
0.007441446261582944
0.007519868176321026
0.007539229416593555
0.00704540074506353
0.00684217208328023
0.007302827870917472
0.007516077017206396
0.00728348848627846
0.007523104617175925
0.007865811367330108
0.006917427111204049
0.00733725892402249
0.007449183386560871
0.00702202067724032
0.006696973934183154
0.007346920615903834
0.006791511111525815
0.006610121870259722
0.0070258979383478965
0.006373968990829048
0.006653071179713412
0.006507712289144683
0.006438406180094274
0.006354443861659974
0.006657681402395717
0.007004156463411381
0.006456998184781658
0.006271128670112123
0.006469453398666525
0.006845995294920827
0.006251059356641376
0.006338110586615209
0.005847019764402422
0.005458840249996692
0.005610362328273844
0.005658236898543515
0.006240368552067461
0.006037804579806385
0.006680248289609501
0.0059237662795503685
0.006056796303490075
0.006446946763971499
0.006334326047011237
0.005765943998795743
0.006067390239518504
0.006221834552521177
0.005666588940707953
0.0063287833050705575
0.006062321691169188
0.0062218955251044025
0.005621354877245082
0.0057628658026842505
0.005350316037671792
0.005432322490298567
0.005813706842911404
0.006557707853333111
0.005691540461290511
0.006236112081578791
0.006046579123316575
0.006255652010458795
0.00618522600747138
0.005905575409818723
0.005688058990159305
0.005677411345092449
0.006512541762865883
0.005688966706574917
0.005682397153043168
0.006020681152456238
0.005818913241030932
0.006170800990398561
0.005981996323989109
0.006072201201348508
0.006055639851699163
0.005581559115865266
0.0059212609516366
0.005937908658144042
