0.18294234062347353
0.09486010039059545
0.0524855884422963
0.03804486747795092
0.030879313364656286
0.027447446187299256
0.02378504910788919
0.020799328221412665
0.019095270112178046
0.018416985941630225
0.0182517507871699
0.017380185681247214
0.017565024735308386
0.0174179118131124
0.017783204071011974
0.016946564441492933
0.01705871623884328
0.017595774473721692
0.017731287403540276
0.017352858018253835
0.017424837703457183
0.01768349582652576
0.017140334069544384
0.01748229855191276
0.017246523942131102
0.01672605943332341
0.01711861966604138
0.017484399028517922
0.01721586307942388
0.017217344614464714
0.01715432712668881
0.017632792086772684
0.017167361610258943
0.017546120274874365
0.017815122749512406
0.018036845609803568
0.017243340547977874
0.017370008472580092
0.01781664414946139
0.017490492861901203
0.017504993754661836
0.017476752831818907
0.017900467994578638
0.01746639070729572
0.016921781272342628
0.017638951721271286
0.017469625084540464
0.01727203815421843
0.01727328668888604
0.0167714552321939
0.01765065701431217
