0.11398231232232263
0.08337482536410962
0.06684494832103008
0.058250835922307675
0.05506123119113328
0.052088490576993336
0.0487716648991443
0.04513669598995004
0.04420597829560794
0.04090519604364893
0.038475260618315056
0.03374399186778157
0.03220219990603356
0.029881802501221903
0.028453778850872597
0.02870488401813362
0.02435442188707026
0.022796108556924356
0.021948142355311798
0.02249358856109533
0.019349785663515685
0.018111050612738336
0.018198694621430228
0.01698734009627609
0.016023633324554382
0.01528520919158355
0.013760898432160511
0.013117943766180216
0.013789024418601572
0.012007816582145569
0.013155186828512458
0.011533746568772896
0.011141087697508354
0.01055762173746605
0.01048698887974843
0.010041972127957922
0.009371032141216396
0.008893071186525357
0.009182057165414233
0.008717751246795401
0.008861075775946772
0.00806104744253918
0.008143714405901734
0.007752813205532523
0.007353485041231491
0.0073749699605433145
0.007392910370005085
0.007574539858363106
0.0067859021858274115
0.00679961937000202
0.007163797114669597
0.006294523135374938
0.006972749385849468
0.006798192343619253
0.0059227591650898295
0.006229099434033817
0.0063657123561204395
0.006089474263580933
0.005859024933686401
0.005674731677462454
0.006428354088837497
0.006149886066991166
0.00585093793518129
0.005899158761313391
0.0060028435956491375
0.005553729037610311
0.00540881494901593
0.0051431294092806395
0.0052916737872955085
0.005587257310071043
0.005214710361406027
0.005318791186249818
0.005368203216009591
0.005149351916557834
0.005069270442953209
0.005540694817609858
0.005376061284735196
0.005379274875335872
0.005499386124906373
0.0050733847653604384
0.0048923304481083485
0.004853954820811402
0.005104776587982696
0.005180641456829275
0.0048291883367997165
0.004953383850063091
0.005032998246945442
0.004814297430096444
0.005048424107673817
0.004894434840601464
0.005264577069879123
0.00533579554547558
0.005024005357607946
0.004995401888562138
0.0047859524822886175
0.005064881425842239
0.00467905663695884
0.004894276716004442
0.00525558748112545
0.004632456630838864
0.004872647060420853
