0.17947560995110634
0.10984256106362954
0.07222442742631581
0.05635363279743656
0.052546957025665336
0.047982595888950125
0.0448830881587194
0.04309765699739278
0.04071480876109713
0.03728859482789515
0.03626525458083003
0.034897951160720114
0.035210880663844875
0.031006817948633306
0.029795272165894397
0.026720623145540984
0.02496738159730653
0.02469213299876638
0.02313187186712129
0.023184355824860118
0.021850593176433713
0.021433628368181284
0.019738107259133802
0.01906151674533293
0.016663858381987997
0.01678051251909248
0.015554482894275868
0.015164121726379595
0.01416684543833602
0.013241031902474465
0.01274041678112573
0.012630230707791722
0.0120046365325585
0.010774523812793535
0.010619179357626572
0.010470939992792371
0.009993731323854626
0.009555644461739753
0.0095255372195964
0.00808612704228426
0.008905427331234332
0.00791959165857434
0.008234147769160293
0.007812236747216389
0.007014753835198685
0.007184162648037549
0.006884732350163788
0.006966785939635967
0.006912227649582058
0.006299177377292938
0.006477864793910679
0.006175217994182818
0.005988884199354872
0.0060241994264266414
0.005625890246136799
0.005866427059654211
0.004794834703748459
0.006092537489521785
0.004965300445557441
0.0047635936931960275
0.004655658242251592
0.0052119249142169215
0.004621999545668333
0.004660462536066723
0.004599510934552286
0.004245367779116483
0.005041607146820686
0.004798679052966508
0.0045150947493540474
0.004433067034714514
0.004718212583089299
0.0042409594971258005
0.004653571934169103
0.004387457342884172
0.005022647442231728
0.004370690700262068
0.004727615237699882
0.004578524660695706
0.00450181149480281
0.0041082992095004345
0.004401175171048311
0.004036635730631187
0.00456025189364042
0.0042023280606383485
0.004171469259178993
0.003900790795076247
0.00385309074866533
0.004091314697040403
0.004357485850091129
0.004297181268717159
0.004604002695028062
0.0049386578900195155
0.004700006169155361
0.004537131306673953
0.0037444181974945
0.004288069017323089
0.004303417193430212
0.0042831987741607245
0.004144552951829569
0.0038473765032488905
0.0039237430774576015
