0.15590342549272204
0.10187338315246293
0.0937259401657044
0.09018479187764922
0.08414963876173852
0.08240989952710365
0.07755254337763794
0.07047963548607455
0.06487620550802464
0.05810010351680921
0.05192573038354985
0.04596346570987997
0.042356175080705355
0.036654638512536045
0.032144510247526466
0.028607099925542456
0.0262607387649524
0.02493344399377972
0.024053996702070684
0.02448234760840583
0.02379210436436299
0.022985868249517295
0.023284259530997463
0.023621681771574123
0.023360508335721075
0.023492798257416247
0.02359207109936722
0.023119944348983304
0.02408567888023845
0.02303800126275732
0.02328147085868584
0.02371499787508902
0.023577531178322342
0.023433822236602713
0.023442142403366582
0.023557931710030296
0.02433544323495306
0.02421856991718161
0.02278873717761614
0.022748859347070986
0.023258422505528592
0.02309770083087822
0.022995721191803032
0.02371200981850721
0.022155842156417496
0.0237327484658839
0.02367633265570678
0.024380627003223625
0.02379502448907566
0.02367820798789491
0.02397838698085003
