0.455516844325084
0.3655395299634794
0.2790117829645116
0.19404954183511525
0.12055248466896196
0.07795661753299336
0.05561560945743724
0.04709011935199037
0.044241517503159224
0.04224957167107989
0.04349115630233
0.03931816204544309
0.03579488070193758
0.03917795612472234
0.03534498305333357
0.03427470824301758
0.03509900694286372
0.03064039835880005
0.029814818204652
0.03203878349312112
0.029062890217156863
0.028204302653891757
0.027659014360242918
0.026649935138356576
0.025912758775716367
0.02460340854326581
0.022947724721408033
0.02299484066307093
0.020809964367479252
0.018896237705540612
0.018760032043484514
0.01907341637931375
0.017446357012691566
0.016334381073790216
0.015126946203514744
0.015120698816151053
0.014264233224577616
0.013117573913004223
0.013051248901045394
0.012465373848363194
0.011118415403355428
0.011905687402473641
0.01037320331271511
0.01140850867491249
0.010432951405075901
0.010598754534767692
0.010953395405846734
0.010133268915277951
0.008786164991509323
0.009312988273562913
0.010373574837759194
0.009730842247995987
0.009519795598393816
0.009128973214215462
0.009736736513998827
0.009446671693007587
0.009725991034322722
0.00896268712391728
0.009095145377351102
0.010157388534054276
0.008489006654530585
0.009651783011332474
0.009434478532643509
0.009345081528545436
0.008871121717256606
0.009707087638901381
0.009881466078887378
0.00964867126554718
0.009849226852302198
0.009325731682705254
0.008927616043565982
0.009545321125880165
0.010103243436468953
0.008348037968486348
0.009081835978296685
0.010004489125427295
0.009352454534200458
0.008788322236286882
0.009633470550497236
0.009429278376132298
0.009117059818901188
0.009772256872096593
0.00907855981423411
0.009285327984915123
0.010220503006223573
0.008993059766484736
0.009484263260005473
0.009297919116569948
0.009191077936218013
0.009249801897691855
0.009379580673366049
0.009763802744559258
0.008790307065162265
0.008828227622124067
0.009084041183121115
0.008709627762367863
0.00892777961983055
0.00878269915794974
0.00932815533433125
0.008380522502470225
0.009699834707553912
