0.19001858226038507
0.10981660470459219
0.09855923605122124
0.09318094603215295
0.08603121129687805
0.08003275440702583
0.07533013625361099
0.06764649930548368
0.06273448628061597
0.059431237562646025
0.053331060409786746
0.05036985223221726
0.047244763619825846
0.04295614450645456
0.04040201062213832
0.036535050034986395
0.035931593075072495
0.03291928923868118
0.03165995193157311
0.029114900030438103
0.02622307319659831
0.02571054539030555
0.023676550660028207
0.02231365011763448
0.022354279778285604
0.020875161668104016
0.01954767925652937
0.018137288233190836
0.01973455762074557
0.016935307998829332
0.017544831571408723
0.016937558050699415
0.016540985399833612
0.015122020238796774
0.016033867518941654
0.015071490336806912
0.01576588649716193
0.014587131881195611
0.014392602416629065
0.013624474599635174
0.014580421537542273
0.013363061642313564
0.014290253143340467
0.014760289646858228
0.013141817918955063
0.01392279869118288
0.013846603040741493
0.01454884531384569
0.014446028017265368
0.014230055579789224
0.014079059800851366
0.014521996721346062
0.014214525253532206
0.013821243986460948
0.013753945816264226
0.013989960982150303
0.013354339582305044
0.013390012569092748
0.013780173856187228
0.014293252242740983
0.013951776809396806
0.01361924125087589
0.013271077491397823
0.013161766732628442
0.013107455150662983
0.012704628583789781
0.013612906191464477
0.01341223654357808
0.013416977887541407
0.013161396628625444
0.013362889810509584
0.013646269481290114
0.01281465176166672
0.013753706253829448
0.013619713862014163
0.013569900975765228
0.013124689299625876
0.013668717182752073
0.013323581461316939
0.01322500346908002
0.012783228130171442
0.013105464472763208
0.013761278226167508
0.012971098184536164
0.012993883327349253
0.012953768184419736
0.012848337169745462
0.01309538403223774
0.012477529020088434
0.013385838651713415
0.013924025764077943
0.012838803785773512
0.012802074408607042
0.012337396352498376
0.01322619712648772
0.013030233261609805
0.013693907303911011
0.01379041230202374
0.012240153476842366
0.013719078060824562
0.013567069420456697
