0.08865816592132279
0.08280447379330105
0.07467417349550577
0.06776421982191556
0.06025076321578551
0.05350514072466032
0.04747996465451119
0.04072195705215968
0.036686040063960014
0.03316320047490107
0.03068800923812596
0.027914097537194406
0.02597112816598144
0.023594763885491397
0.02228761279125066
0.020939200561425186
0.019983928118502674
0.018757316401814862
0.018265228414697098
0.016584512803932118
0.016385585990862143
0.01565827000184085
0.01462635176238178
0.015179458244133175
0.014959858439898336
0.014206470070287873
0.01471790540063228
0.01400725977761997
0.014309866583973208
0.014485860127415812
0.014273947105890939
0.013409854969845158
0.0135143618781961
0.01361092587389966
0.01260301113200221
0.013759008918137784
0.014053042497391944
0.013830049296535727
0.013285863167876607
0.013220504256737072
0.013447662054930642
0.013100876399427268
0.013571143715113572
0.012945787065289767
0.013546996496317994
0.013297542034902774
0.012961272685647523
0.013049264123914136
0.014172388419094904
0.012712886631071509
0.01253904461981857
