0.20495355979450927
0.12691213349940678
0.09577418244164043
0.08700621800611079
0.08304461308486068
0.07748731105108782
0.07210042195141975
0.0664164434863511
0.06229986276330451
0.05760823342468903
0.05126929092982419
0.04660149240414018
0.042103298960944134
0.03653772303210415
0.03402013298270854
0.030389061887979577
0.028907045952128143
0.026008002959355344
0.024467171705551353
0.022776608633244738
0.022520554072809736
0.020828212163480762
0.019126340006849638
0.018189390837746133
0.017763534059148472
0.017287899343695845
0.0166860705708643
0.016523545924149622
0.015395735301118511
0.01540172763593105
0.01566477668172624
0.014621277427437249
0.01539626670821407
0.015514455623467184
0.015059663720925575
0.014608141299256505
0.013542832646027006
0.013862843933841809
0.013589934123160397
0.014251020883614322
0.013343906430332708
0.012384710776367417
0.013254438967069949
0.013656303327179166
0.013989965637528464
0.013489158765297533
0.012374355846848642
0.011778039627527175
0.013936790233373516
0.013643382260659444
0.013163963059705054
0.01322069894916002
0.012867638751024672
0.012350042818322278
0.01318224094375484
0.01312459295125067
0.013395070195617857
0.013559619035316137
0.01338382302459421
0.013958622487028024
0.01295678918266587
0.0126257257702726
0.012492433644514968
0.0113053705352405
0.012165226748317272
0.013098053415521622
0.013360834538771538
0.012413608811109715
0.01173705926659322
0.011451956578583522
0.01351137629050115
0.012611914760249011
0.011511436756306781
0.011956569403582895
0.011967267071708297
0.011883799514021761
0.013888864142396097
0.012113554766941223
0.012859483332635868
0.012545221269653664
0.011731986830289516
0.013200151661159664
0.011948426301220526
0.012564805723288462
0.012621891293205276
0.012665020462357164
0.011916191256473392
0.012613596276362205
0.013383850719548115
0.011821174635148434
0.01260411792467525
0.012922457468125566
0.012971573007583784
0.011763597665583794
0.012508232137884616
0.013648765589841749
0.012077146222605957
0.01202565122238654
0.013060025434765437
0.013023497988478296
0.012766259365220179
