0.429034607644967
0.18436817439601147
0.08182556386400584
0.06821047896951475
0.06281006324808401
0.05516781160964767
0.05222516068782939
0.04826805817322901
0.041576205418898164
0.040023667323539146
0.03729759524487389
0.03587242702482306
0.03326481707893279
0.029996688728849072
0.028214807825981517
0.02527708969725757
0.02292632507674996
0.021341357817856153
0.020046356148406816
0.01879995398361376
0.017151510586892557
0.016327796395464195
0.015198996044077987
0.014489089485618159
0.01259839263564349
0.013083082406887221
0.011662775305701603
0.010536548580916105
0.009829261229103258
0.010164471739945656
0.009111759700727149
0.00906114673935594
0.007420050355745379
0.007460732055125805
0.007900596021422153
0.00644612432127835
0.0068819815463293564
0.006791591796845281
0.006532060571644889
0.005766377250690043
0.005789401391509648
0.005946003049267796
0.005660292500767669
0.005416348666082356
0.005504281818143132
0.005298087233181705
0.005540297688179404
0.005175567636044261
0.004879870713807127
0.005034678571828894
0.004929116892854365
0.0046948683971101655
0.004498608384195869
0.004530165642549871
0.004722495571385294
0.004416049097472843
0.004654942052820041
0.004197684252528216
0.004553151964550888
0.004547355871463824
0.0046171671939842255
0.004412252824735969
0.004068631402811284
0.004495791406211117
0.004580959880533529
0.004163699696550125
0.004443255975488506
0.004386349566300413
0.004460000238421961
0.004497971422933776
0.005086277900017309
0.004057041800730816
0.004259120458063919
0.004006610214244248
0.003928407396842805
0.004516648736579919
0.004127773785579664
0.0039023163407490603
0.004365346099253889
0.004045930415254888
0.003831156358828527
0.004103553483069156
0.004233165741780314
0.0043019044472843646
0.003906924989747473
0.004601898055590138
0.004246576709875332
0.004261933971518864
0.004357973226245053
0.004397511158248733
0.00378966733561247
0.004442954397704852
0.0040421053635237925
0.004421657524125332
0.004346899381568675
0.004203776491289753
0.0041309692765017164
0.004160407554003961
0.004058493786069303
0.0039316885176422095
0.004540506487399084
