0.06731165734821103
0.05057246250334031
0.039924297134815205
0.0328289443922162
0.02930044925794499
0.026772905493576065
0.026442133695597395
0.025806935447458712
0.026277257537023223
0.02576475530384244
0.025673342841431707
0.026125560413128166
0.025543406470240674
0.025480468835815385
0.02534989232519491
0.026542743112105922
0.025754208798239205
0.025053469788561294
0.025295560784354396
0.024900493519164294
0.025476525534285647
0.02573141551835128
0.025154280531472933
0.02573318190544282
0.026160122571919648
0.02483677552659592
0.025739176463520808
0.024399788241541057
0.025437159300887992
0.025404678190473422
0.02536389799623717
0.025813408865237097
0.02574899929539942
0.025085210676317412
0.025320232634331093
0.025342819195034606
0.025546851088766327
0.025151147481261023
0.025270064439998092
0.02509624047709174
0.02533327345090625
0.02499719694891843
0.0250797596031827
0.025100656141524198
0.025906067300747737
0.02594041215395439
0.02580730509363595
0.02497625561124877
0.02578458645582244
0.024864293500805077
0.025807683399896912
