0.21656827304804274
0.11946822005028579
0.09392624992926212
0.08672805999505206
0.07857981434950088
0.07204329584751425
0.0656047327112319
0.05829222467894341
0.05021483939898172
0.046880619079431335
0.0427184217467874
0.03817951249488852
0.036037507685810544
0.033524966117464056
0.03265765568752213
0.02818366157220651
0.027735260154420485
0.025231703195701612
0.023904026673381682
0.0234827642464033
0.021257413340316205
0.020899815411955406
0.018928660216962642
0.018126138389188834
0.018536642737222355
0.01669878176172945
0.015853098747589747
0.01563716610052543
0.014825137953035496
0.014655681958212055
0.013916963868027056
0.013604941213487598
0.013355859925915784
0.012626507965900926
0.012505773251937536
0.011816384856096852
0.011318430443356058
0.011717070339939493
0.010821346742415014
0.010591810655400942
0.011390810342959317
0.01148287720272413
0.010086133862875369
0.009747710784823829
0.010249152955469291
0.009857348537390358
0.009914885958104113
0.010623103873237909
0.010273724147834673
0.009297019503861208
0.009450250991675391
0.00995567388394438
0.009652747183047693
0.009227064074458122
0.009841184985659633
0.009348654503898017
0.010081178521520538
0.009755601228910228
0.010126564151188637
0.010542280370846561
0.009792829908734622
0.009185861694321947
0.00887841016600556
0.009910173644322683
0.009019237408633161
0.009121686590808522
0.00941743435417828
0.009514881568285831
0.009273370173516274
0.009109473054407827
0.009801389291830599
0.00943543737566228
0.00871629350391576
0.00917067423261153
0.009037580742832828
0.008916885957620866
0.009134736985010345
0.009111927162791423
0.009432991516889212
0.008700645164143666
0.009338608436430203
0.009388386918869266
0.009685494859337743
0.00951394570847969
0.009062805360247712
0.008662848883175471
0.008928803077431546
0.008798261759864453
0.009324070633200728
0.008958620262031935
0.00877967835871275
0.009197504916960095
0.008752836623322793
0.00909017530825638
0.00907815313710001
0.00883654310474525
0.008596724687263198
0.00915741403001491
0.009182388186662735
0.008925788961482448
0.008783367908962022
