0.14036723986548377
0.08835658363797715
0.07885978212943744
0.06946799824909329
0.058730910889574064
0.04821849342726073
0.041854765765088675
0.03521818788576254
0.030053093052557184
0.02604769965140496
0.021991153014418844
0.019639488802985536
0.01621386203788564
0.014749935109441233
0.012706545824057724
0.011242984462220372
0.010747018218201945
0.010569983865276723
0.009745813448320942
0.01013120912777872
0.009886755012636191
0.009412612093042942
0.009707505093436654
0.008961291829793081
0.009069698758219063
0.00946748350738181
0.008486344464542472
0.008583091549964353
0.008539141212825683
0.00840417731873491
0.008255211435456414
0.008121757774483986
0.007852028875330642
0.007939381625088553
0.007726035188332276
0.007952926013237278
0.007168517941753088
0.007328586468498417
0.00769827807686362
0.00785899458392397
0.0071954939476482176
0.007761043308886269
0.007760711079055
0.007566853700877385
0.007475831363060645
0.007444971889535085
0.006975794391453046
0.007431881767755278
0.007544418978047991
0.007239082553287712
0.006840977628959511
0.007635119384937459
0.006852803990665459
0.007373246190777361
0.007261329745111315
0.007020569678104859
0.006941040176481953
0.007045208056717361
0.006832624558695031
0.007154701348704918
0.00708627334987516
0.007278071720899045
0.006709122288058176
0.007082539197997684
0.007123273279923879
0.006608767929825626
0.006676585611601053
0.006903891641720722
0.006449617046532268
0.007579718232367773
0.006792464985697104
0.006948204265582475
0.007517360818131886
0.006976783434519611
0.006887860933085805
0.007327681106086724
0.007007704899006461
0.006970651576412152
0.00656467733810393
0.007007214257407761
0.00692823484662552
0.006935416091899839
0.00768589811533368
0.0067660056104639306
0.006414006210020922
0.006463567200394151
0.007008513055034743
0.0072053494880086845
0.00665325644597596
0.006521704788165288
0.0068717645810599925
0.007033993304055885
0.006498755719163057
0.006716117490682455
0.006776426412199926
0.006850761640164762
0.0067024407727356025
0.00709687349438942
0.007220320625824665
0.007187537608136418
0.007424894497848892
