0.18052562970958322
0.09950643542968864
0.0822287043892017
0.06967159814385572
0.055267289509531796
0.041225195221378005
0.034289971424922655
0.027982680003139512
0.024077995202073366
0.01984594554921022
0.01692000765019977
0.014500501889933168
0.012740626986813943
0.011003973299267516
0.00986281934137637
0.00912060202355845
0.00811393100786986
0.007718567762143563
0.007029400655678443
0.006492537231973983
0.006085124597334578
0.005666614029541439
0.0058276676899778656
0.005588697186751366
0.005282621844451312
0.00536699348074718
0.0049186220321993735
0.004649326602235682
0.005008177665376188
0.004556459597125963
0.004401225576191904
0.005481525365934493
0.004793961419193897
0.004372182651371394
0.004721843672119714
0.004465068997716313
0.004481515311335494
0.004354145441059873
0.004465212537138169
0.004058388050843708
0.004272511150206312
0.004321574492942167
0.004110503984448164
0.0038198147566871165
0.004099661427428254
0.004599441703911524
0.005086763318772497
0.004041938388275989
0.004141023871982647
0.0039034598706407402
0.0044413324325077224
0.004697100347415756
0.003931201634839422
0.003935919559359633
0.004323312663676869
0.004239506727641938
0.004018824143269606
0.004029060076691145
0.003933360887738157
0.004128072034697359
0.004169909374913303
0.004073088210218233
0.004275178598963024
0.00424373225755116
0.0038306770090105417
0.004413106001697218
0.0042554523287221145
0.0040857912526923714
0.003888201893204034
0.004402054221897182
0.004283371681816812
0.004387816833538612
0.004107745577445905
0.0041391713623846705
0.003952190437229223
0.0039025130279227373
0.004305105574579574
0.004479685439049635
0.004119539811153943
0.004094052725252567
0.004164027374248232
0.004167823936754917
0.004727459241899952
0.004332125631531698
0.004074795339523467
0.003939368597872823
0.004439408572195898
0.0037222857726418278
0.004010718488761941
0.004071821019994517
0.004035826531538918
0.0040948526151994395
0.004409381477414894
0.004126614241317334
0.0036292677511060405
0.004285916721158569
0.004474099037795583
0.0041053489420253735
0.004089494402957351
0.0038183295335817795
0.003891344048702306
