0.39626196799967534
0.25510424237142726
0.14628950590686624
0.09534171199149767
0.08373652368236251
0.07735247773995238
0.06812449157468882
0.06041488404378539
0.05231734900707397
0.045518248259562674
0.039121701667551495
0.032622481944267666
0.027244953226997205
0.022725247670457305
0.019277100709149318
0.016637892963633754
0.015088909709447979
0.012958821238097227
0.012467462567300447
0.011084838197926383
0.010629108449817983
0.010061949623357236
0.009978480234360366
0.009586629452512962
0.008987366313459023
0.008372307945394921
0.007720754826389964
0.007842042157429957
0.0074664789952201575
0.007680822772990359
0.007109967543265856
0.0071882269785051925
0.006717194263662624
0.007154573368940834
0.006722802231275692
0.00704616463964274
0.0066686165008778405
0.005999727579545878
0.006281749173287489
0.006402266308769628
0.006002569673740547
0.006300803757770943
0.006295474267948557
0.005700337821637303
0.005990835956258121
0.006005880551561253
0.005628711640313678
0.005755484018585697
0.005492689625118618
0.0052024060494020394
0.006006714610756175
