0.27065719638540203
0.21347713207895327
0.1571064982709474
0.10644650292026352
0.07607935849547295
0.05780648276353492
0.046092286817956976
0.037957390682162945
0.03194789960156504
0.03073142425706977
0.028710099038814465
0.027565142876630047
0.02492869643368296
0.023747365177264477
0.02242718274509304
0.021964674126886165
0.020018818154172197
0.019879272685320838
0.017500055638851337
0.01765933640925861
0.015674107236054606
0.014644228072991643
0.013552231021881177
0.014322027555108939
0.012157044444898922
0.012145776320277931
0.011950841463636843
0.011435492823184654
0.011370217091449461
0.010988062947774681
0.009759989400647274
0.010702133174729664
0.010454900616717519
0.009687810271950877
0.01027777350434278
0.009849417503864928
0.009752231892986343
0.009673014363355124
0.010382274031977182
0.009423441294443695
0.008980045600225502
0.009798267394481027
0.009859958409727835
0.009468262430930267
0.008850281613032281
0.008669397491162582
0.009061096897542018
0.009180880916144055
0.009585336949889287
0.009380892473673384
0.008693973215619587
0.008185994691113176
0.008275214995452983
0.00831096274725574
0.009169614862511609
0.008969638588108604
0.008791409945309105
0.009120919737203702
0.008837373614261356
0.007632421217735632
0.008250876014810792
0.007940348665207157
0.008264481737134127
0.008189110143282224
0.008634451131766734
0.008818213070070274
0.008540585206760699
0.00855649787091203
0.007678315162041642
0.007731929754926147
0.007839454755547167
0.008030136407188908
0.008795030159153713
0.007997689990597918
0.008896110189824872
0.007867518336257706
0.008010853628881162
0.007520372745059967
0.008461072640392633
0.00877979354971937
0.00786399897405215
0.008256261754699708
0.008483273477241185
0.007536786105075562
0.008286997540502423
0.008545224849206707
0.007906679041376881
0.007843716441748801
0.007558301537128235
0.00851582713545064
0.00815653826970545
0.008649678151018317
0.008859050473382412
0.007901799138434735
0.009063806241384012
0.008518724735188157
0.007672422286370156
0.007826951932666536
0.008302065037885066
0.008728950985811832
0.008688927423515989
