0.08990001076913297
0.08061286338294996
0.06832887006016278
0.05774974853602934
0.046577849666714036
0.038833192633748556
0.03321245253895323
0.02844901245810268
0.02498920891602376
0.02253329668044407
0.02080050143362121
0.019138914721010983
0.017790200205291037
0.0167023903372101
0.0155022112743599
0.014900409643744096
0.014422138256827241
0.013352072806910923
0.013137309192674803
0.012896107747145813
0.012499928481326547
0.012286104721297998
0.011414833367500066
0.011977951397354598
0.011516670566712158
0.011417366437484248
0.009838838688519537
0.010751487146719602
0.010952339477229645
0.011118307553979486
0.010512702938086732
0.011315035866219583
0.010821191426638838
0.010673927222033199
0.010604455934209464
0.010451812522316133
0.010468617003985414
0.010313886799288009
0.011008351556682673
0.011090405416146996
0.010665069739793661
0.011082204339122223
0.010424909626102104
0.010270272201030719
0.009965507606114346
0.010013705398159293
0.010301133988592495
0.010453629267622932
0.010524069190704824
0.00945782697198522
0.01036310797811371
