0.5752284939457385
0.2958466420569733
0.13707876657275614
0.12237165806112868
0.10488134362753963
0.09088056886242475
0.07883861018233326
0.06613508781007917
0.05611689403938625
0.05007032628172253
0.042476642089154235
0.03785039678809166
0.03374406249684772
0.03096542195454247
0.02852707298889141
0.027397350752354763
0.025350869234884485
0.021979559266968703
0.020474777045766893
0.019148393770385904
0.01822268389955525
0.016435612236296884
0.015435183164617124
0.01423603221248055
0.013657444401448272
0.012664025658558382
0.01116483806898191
0.011212849996321975
0.010484453170423149
0.01043696632529464
0.009731449055354566
0.009227557661628073
0.00793598240880855
0.008137719441427334
0.007938020446483021
0.007298204165645862
0.007870963514024087
0.007091250845761655
0.006804457480316067
0.006351407767276808
0.00614989423219391
0.006340712937568281
0.006329708648332722
0.005640592411954309
0.005909201931892265
0.005958612497068684
0.005528450805808333
0.005429272019920924
0.005764805820188248
0.005009117804297021
0.004840464970378834
0.004992015879903633
0.004754671664220238
0.004775126449844767
0.004355715726377417
0.0045799737928033084
0.004922132117192375
0.004496197273931309
0.004379938135727845
0.0045820786753802455
0.004420551755487924
0.004107295456108405
0.005454771074037221
0.0042440294221453515
0.004437060628075246
0.004890139187684722
0.0042183587931206015
0.005103978427037078
0.004519456328645617
0.003998521262010841
0.0038346786053694236
0.0042384456560541905
0.004694667108940711
0.004189424101536161
0.0045802734655793565
0.004444984420195043
0.004338898698706745
0.004382644699643812
0.004396467932707675
0.004271625187042254
0.004174486563968712
0.004117448254254973
0.004568988459439636
0.004607259952798142
0.003943685786927948
0.00456373961550892
0.004070658266652453
0.00460504028240635
0.004464064320446127
0.004292994487504619
0.004450670491010473
0.004161701019384585
0.0040057212930103255
0.004104632181722024
0.0043615675942383575
0.004660297986684123
0.004636609066687055
0.004544496582748337
0.004373662167441366
0.004546469243371412
0.004159795596935365
