0.16241696452366003
0.13540067557160065
0.11904788491563736
0.1070362931702698
0.09346581933318934
0.0827246115070925
0.07272814844019576
0.06383533039978001
0.05673525335349474
0.04751157195185125
0.04186929116071902
0.035545419942867806
0.030280745140358896
0.025365423639187663
0.022209115249930873
0.019706749769143238
0.01804072110846869
0.016700421983496742
0.015920323805488676
0.013461391924825162
0.01523195971748094
0.014979850853061897
0.014085902901905078
0.013658597396804752
0.013999655131738585
0.014422196039438739
0.0140710232920932
0.014251967639862114
0.014977393518415857
0.014009596341429432
0.01387491688192878
0.01464216115289715
0.014712728557974307
0.014644934189243156
0.014602639843035678
0.014194582489080386
0.01447709021649066
0.013984478763882912
0.013897661724664381
0.014316144913740074
0.014230935150977508
0.014647967105690137
0.014192961914208137
0.014897821177927465
0.014686452394372234
0.015386210309607583
0.014455653011579228
0.015240016674343014
0.014341412284358845
0.014613395365422142
0.014304139771640703
0.015156483635215748
0.013794924994504442
0.014360822058792359
0.014375600737848507
0.015137807584951658
0.014723640039515602
0.014705354336673382
0.014612625347121004
0.014155971765039913
0.014428410858100938
0.01424381313962425
0.014134080424608711
0.013646443050721822
0.014389438758762503
0.014042708808496826
0.015427964358498865
0.014332966536087814
0.013964175041304115
0.01440308987175384
0.014994077080298686
0.013877007216238146
0.013789137123629754
0.014466219477520319
0.014821610367935865
0.014019428539804799
0.014510824118152322
0.013337649216205838
0.014846493808573766
0.014969474250846063
0.015424230918821173
0.013602787185467854
0.014347865980440022
0.014665606613366904
0.01356156685850266
0.014660132923200033
0.014183090323363172
0.014581010270060023
0.014208550329212229
0.01400828404006206
0.014775326796124252
0.01499607105046872
0.014983784466541054
0.014896842459091123
0.013944173825305587
0.013472603894567869
0.01415808128549797
0.01486937594569928
0.014396629495764125
0.013606109565820689
0.014973180993565342
