0.1852686939122241
0.1277223573690566
0.09869323877216846
0.0827979501160139
0.06909629709339847
0.05952449512071438
0.04962646612452268
0.042098470605972105
0.035248110837794805
0.02956626285215167
0.024919113329380398
0.02276823114821265
0.021979778663813086
0.02093323537591159
0.01887308522103308
0.017698289157538235
0.018026425899211555
0.017064897005362224
0.01621652617482812
0.015574724572356504
0.01455259574532339
0.014771276329479943
0.014429683223556446
0.013682393178453956
0.014570953957476493
0.012816530225456348
0.013092391738055795
0.013374548543043216
0.012862066620084775
0.013076479660465094
0.011538853635290084
0.01212611434500084
0.012191683136522087
0.011848689644405068
0.011672589286191764
0.011552888562154964
0.011571088682003253
0.011573564858965484
0.011320411540384356
0.011524516908754147
0.01118182041687403
0.011586509292185802
0.011995942953141011
0.011231641511431625
0.01265203222304295
0.010521470164827115
0.01093022507471311
0.011599623095245563
0.011786469855966982
0.012154232559803187
0.01044953176565991
0.010906720199113793
0.010956875533817143
0.011252931389550316
0.0107009447840872
0.010413335054683214
0.009306923309354198
0.010826044896714918
0.010052542769151858
0.009256685377887671
0.011210483636275435
0.010361825805655922
0.010563081219094843
0.010533683536588108
0.010622505590189193
0.010088036677052032
0.010184327320518357
0.010519507561321738
0.010575986092997756
0.010828200393143956
0.011199185541159527
0.0104109657817109
0.00966938044531445
0.010559869754754845
0.010031045992055019
0.010399989918288052
0.009893165581067924
0.010262536561131628
0.010204836269737828
0.010609904546112504
0.010513259961850567
0.010690012124405845
0.010528348940274677
0.010330350811385223
0.010164784580243525
0.010297711275058656
0.010703014268046958
0.010844096341517798
0.009959117158202892
0.010276927083763602
0.009119914025066757
0.010150503644037624
0.010981371992327913
0.009455722975588377
0.01054252874852939
0.010439566771097804
0.01022623043629198
0.01055146140768782
0.00951109170273179
0.00987043751910959
0.009762458351294903
