0.2497370563270699
0.1697470952150895
0.12031039655432486
0.08711919793243318
0.0715854630345665
0.06753140625170638
0.06279158316728754
0.05844369157804255
0.054436604918049455
0.05066318032578869
0.04560172007054117
0.04188963230996354
0.03807571651523573
0.0350086675156024
0.031004941765986234
0.029289530215423337
0.02746859677888182
0.025017245670345287
0.024984702462575538
0.023618251041741114
0.02298099790011336
0.02215692027014955
0.021161354868725633
0.02159452551305147
0.022033107926359888
0.020054333121934418
0.020638676901379112
0.020171214733135014
0.020388703200751083
0.020432381570061723
0.0204606782334152
0.019101612335326517
0.02111468882296524
0.01887408522852571
0.020425948690806293
0.019689870967456786
0.019886273077265808
0.02079139119350231
0.020396169169693373
0.018331539069148913
0.01849128524741333
0.02058283574887421
0.01979925976161169
0.020365286120663757
0.019027903251028523
0.019411174007939614
0.019261997272826778
0.019763792686690172
0.019378091414734948
0.018696610280769594
0.021050902166135452
0.02061009670831266
0.01759744751688614
0.01973185036064756
0.01907282986937777
0.018944607212659177
0.019691839324680275
0.019618770997041117
0.018848583163033256
0.018114143738234344
0.019797316691187266
0.019283142644424982
0.018010848665068847
0.018575762716183938
0.01784432885664486
0.018446972328291875
0.01917675357986751
0.02024017462057038
0.019109208189007448
0.019174136467105658
0.018779286940231208
0.019477203103725752
0.01831700959613863
0.01739316815310207
0.019251017983891797
0.018888647069324756
0.019815239407627652
0.01881909202648444
0.019430472175342856
0.019147339416168713
0.01862057566793732
0.018761236123103
0.01882739642608182
0.019031665723915445
0.020207433872252926
0.01989885093178779
0.01810823633741744
0.019218728408917123
0.018584987960088988
0.01801757834158208
0.019547783521699176
0.018746871936012606
0.019305771579937004
0.019714423621516815
0.01907836436320252
0.019070134755412044
0.01786448897567368
0.01874656637198045
0.019160112089615426
0.019535286782135643
0.01920688742330469
