0.09820632347172677
0.08278248344298872
0.07214202370957865
0.06593303654465438
0.05992367857907574
0.051553456428768595
0.04517373072723038
0.0402309325372719
0.035900699992243386
0.03293058189765904
0.02918255636170009
0.026015048807820823
0.023196556770855456
0.021479671502943446
0.01987605956986565
0.018339266604935237
0.01684137499202718
0.015777604887502288
0.015338913765762999
0.014009826637239639
0.014049973091569736
0.013330186284644533
0.012335450772565346
0.011981567511143352
0.011703747126838667
0.012195381379112294
0.01295003321462355
0.012038646881449474
0.01134634141383726
0.010865717474678635
0.010822708025154868
0.011613781934899904
0.010898743035897869
0.010903087242843446
0.011129811477235392
0.009858033412023251
0.0107038653033223
0.01065580113367747
0.010001927323733326
0.00957702559020591
0.010523476117143346
0.009432076521324047
0.009909529053501417
0.010817164157177917
0.009811441467840229
0.010059521021530082
0.010706501391977156
0.009670247937837358
0.01077375063544164
0.010382700360394315
0.009798895029353771
0.009716214807764478
0.009740136492736565
0.00984058962386897
0.010605907282933522
0.009180362687362983
0.010606708318415507
0.00929054471655513
0.010909202645122688
0.01006247353682231
0.009982921823402364
0.009715880260224064
0.009663378510678621
0.010267355379602962
0.009588830696010712
0.009486730079129193
0.010361329427469926
0.010406565969278688
0.010386117451341392
0.010110565453985601
0.010640550795763256
0.009715516881018545
0.010235937901188446
0.009953452426309876
0.009788414603987003
0.011188217188696902
0.01003691594550886
0.009456287788050678
0.01106469271549052
0.009310886088172179
0.009863694673197986
0.009653687998798913
0.00989500634121254
0.009339158378196289
0.009411869980894778
0.009580611967037236
0.009452927829375159
0.009701526263012884
0.009313860531676273
0.010609059365662785
0.009427707600660437
0.009648764941094854
0.010031470302102753
0.009428844542037284
0.010354847511488862
0.009982904958992124
0.00998181963670746
0.009375408636853579
0.010228588832040579
0.0090624180534839
0.010428472420494269
