0.46663420992836463
0.23561833674620328
0.08541796651289092
0.07112956433938453
0.06383293880736834
0.05488906038053197
0.052013562312537
0.04641801615204341
0.045673354343591974
0.04155706417961378
0.03867212606939748
0.03545463236083656
0.03314087595522749
0.03210343725882928
0.029739921454168795
0.02816725035912934
0.027617688916215948
0.02639321543044202
0.026164058584929734
0.024082066366867664
0.022880138429728823
0.02382073895947807
0.022612237470594918
0.02272431559420204
0.023400866002750213
0.021588449005454938
0.02076109875417637
0.020642989780681544
0.020355425365810035
0.018865226809372155
0.01846765088399562
0.018836312713783814
0.01948120015737795
0.018824891463465696
0.01836892983690306
0.018452322667402363
0.018043977139535768
0.01918476784873012
0.0180957272069832
0.017865877625374973
0.017134384401812947
0.016841543620638246
0.01763737469689628
0.018102216109015835
0.01641513470562897
0.018240303241952686
0.01687438985136792
0.016531315940233424
0.017009728196989354
0.016608050900079434
0.015768341398340144
0.015958974845126605
0.017287615526222794
0.01837938524298464
0.015924352205624753
0.016733643707731123
0.016599082654470246
0.016641356556779667
0.016208178103114763
0.016773513102543144
0.01635958956086214
0.01570749690996889
0.01570991136272938
0.016841393013435842
0.015082803395053291
0.016540507531161035
0.016695101701673574
0.015726678091422693
0.015442692066579868
0.016629548875133668
0.01676567582987338
0.016171076085506733
0.014736199074460539
0.01665663022507528
0.015951493724805015
0.01621502262526071
0.016280699420223414
0.01626921437651871
0.014919900024154708
0.016085739189793984
0.01527384981970983
0.015496439427279874
0.01501326282052423
0.015722984794356687
0.016488021121432467
0.015698211068893228
0.015385032716291288
0.015313605873848191
0.015611010259704449
0.0159048925874584
0.015362605698931069
0.01674804166439601
0.016997618023152344
0.014936695930913466
0.01635721395548045
0.016159224520255457
0.015813062020683485
0.015559923456988709
0.0162276806627535
0.016461342607970438
0.016766463384887922
