0.25683423407370953
0.12652905757275107
0.09085793442597473
0.07398966868973189
0.06740397216397798
0.05782695767648344
0.06078504618136321
0.05476994573160508
0.055513724490444935
0.05693844399465397
0.05246380419773031
0.04827455732159597
0.04966688442895868
0.04740004047388682
0.04455217648600029
0.044559799309625864
0.04182973626783031
0.039246415393352836
0.03623495146361517
0.0338167956237215
0.033078428212243854
0.029928972972213357
0.029143949850555725
0.0278405462660241
0.025453671979766467
0.024296049303741265
0.02396497052543303
0.02280487326052236
0.021494127173821334
0.021390805154394992
0.022352294885847262
0.01952943181337447
0.020614572816467346
0.019567886621706703
0.019482038647044786
0.018011305039424604
0.01841704437970618
0.018292049334707988
0.018633663223459353
0.018044864669958877
0.017348460324053343
0.016555524566529214
0.017770825819746715
0.01795795453816547
0.016288879631732627
0.016262207386522985
0.01629287332179681
0.016826317691444218
0.01738063103704695
0.015548357814985737
0.01555488930588368
0.016037540633990648
0.015241112092999972
0.016991021831825995
0.015974606484843976
0.014978380085732807
0.015152686950686941
0.01648697937897012
0.01506499528543761
0.015179386060496321
0.016264509735350232
0.016252978439414038
0.016673946308040467
0.01590621528176694
0.015220999567638054
0.0170189798444556
0.014969579479051543
0.014413732510703428
0.015504767384664693
0.014614690444088212
0.01519964769000913
0.014797679289057989
0.014436941198417952
0.01515130736563353
0.014724608668222299
0.015505046924434782
0.014603037304380007
0.014404426245770187
0.01575660388941288
0.014703448447197407
0.014438552747223029
0.01605757770529525
0.014677930258418657
0.014236049300698791
0.013732993358153941
0.01400294182319949
0.015065321506701992
0.014544889775523652
0.014941621786951216
0.014488143194776967
0.01480937138911801
0.01382555795235596
0.014743046794567312
0.013737564270544879
0.014672451858066284
0.015512319382367355
0.014724903816866608
0.014083423644540238
0.013788219211659448
0.014995016482945019
0.01334947042293202
