0.12466535674450088
0.10195666397603895
0.09301108026591258
0.08270515186467417
0.0756457402173328
0.06607337660028613
0.05727662053651329
0.048404984378990816
0.0408601977493638
0.03512461541258639
0.03021716631915763
0.026598143422446194
0.024152542133714507
0.020600962747684207
0.019024726118946626
0.018102459339274634
0.016654778023822116
0.014931189327026388
0.013884267484963055
0.012789735186871813
0.012653262933498194
0.011945884868868379
0.010911295195689522
0.010559510183385202
0.010605870560882025
0.009791572452817308
0.009479967283167358
0.009303613019387322
0.009077970834246558
0.008806010026616084
0.008556489145357397
0.008203983639258713
0.008390846073993182
0.008041843112900411
0.0074420243814521
0.007635828561089127
0.007521089135089818
0.007131368994786632
0.007451020467727902
0.00748006192216701
0.007057874264687477
0.007051759259627
0.006769142994255757
0.006747969126229395
0.006941608491319979
0.006515823064893263
0.006430005748662304
0.006816331170817434
0.006421292635382253
0.006739997313726857
0.0061388895913129845
