0.2957981260793622
0.11133556811107484
0.08934520748350962
0.0785990420711875
0.07000713285652667
0.06468977697364638
0.06165037851365262
0.05835118616442093
0.05991921122258557
0.052181102333229125
0.05096513105648187
0.04839277452260329
0.04340915692018288
0.0440896389757894
0.03902926836702859
0.03799508613341361
0.035853232415318625
0.033610763731468526
0.031976692046092985
0.029067246442490598
0.026982389337799815
0.026132976008050576
0.023676837558356707
0.02412740882428404
0.021567347671335186
0.021914421202754147
0.02053063611230826
0.0199414224861548
0.020669749743690208
0.0192717989691823
0.0191209086817546
0.018810527403428538
0.01824088637478014
0.017277920049888658
0.018188078704563213
0.017041075023714384
0.01793020894206248
0.017035505467180346
0.016581233735224153
0.015048611896079096
0.016172535329493802
0.015071377352043789
0.015005716192799681
0.0160843844449872
0.016527658039668183
0.015987886231410644
0.016195058496116077
0.015072307995024474
0.014236041120476377
0.015976027581325745
0.014727924492063046
0.016902254567375066
0.015481377223743972
0.01551837962143353
0.01481601625088349
0.016409413966726013
0.015188788511804928
0.01534306259477446
0.01589543617189873
0.01563373062578443
0.014932078457690887
0.014988138047142016
0.015213302071097886
0.015860137176411836
0.015289609138263405
0.014433621075574351
0.015306003412664448
0.01509588200819077
0.01360532209101186
0.014934187838690561
0.015599034718109191
0.014939439721983664
0.01577547616863374
0.014598119217419827
0.015162551235411008
0.014959825044861694
0.014856496515336982
0.014222800500629558
0.01402821541471211
0.014819015155271011
0.014000270722176411
0.015934899794828955
0.014496646618193276
0.014770625597909245
0.015281740306200442
0.014376534491143551
0.014644304173897518
0.014443220216911499
0.01461039611178421
0.01462783151352021
0.013268227127369688
0.013429317189993663
0.015871227542653202
0.01464541190553443
0.013255810886873791
0.013755044606211244
0.01531234013740751
0.014779617322143649
0.01548288690905214
0.014359197355270692
0.014012215611923244
