0.32702852402915933
0.20369128313393037
0.11087214433959273
0.0774867843003849
0.0699074503497927
0.06433435465114376
0.058562402921457125
0.05474142033114186
0.04869890557349224
0.044363434608588055
0.03970645508782445
0.036120126753958
0.03190064669912971
0.028382580242409108
0.025181241023639153
0.021752245354210234
0.019959186045591975
0.018135337896940842
0.016042551315329865
0.014486105487382625
0.013905748959640281
0.012731554212695274
0.011893603425477387
0.010978178944162106
0.011079208251592972
0.010230796638439461
0.009699885331147717
0.009641093926519375
0.008817904713635822
0.008709700908371648
0.008497457978337732
0.00847900057379214
0.008049621715396107
0.00832593896111008
0.008439458907468276
0.008019245474098031
0.007837904068424634
0.007852986772150445
0.00773178717073683
0.007287252160417531
0.007642418168572001
0.007857973083367083
0.007045461300569956
0.00777269019762245
0.006665791263577829
0.00644755335220499
0.0067651691701170824
0.006881509252135134
0.007123302736185623
0.006381414462459695
0.007417132612330351
0.006421837719681427
0.00659743511970456
0.006499429735440283
0.006694586624442822
0.006501285133675655
0.006768409208789711
0.006151176305146335
0.006816336646880338
0.0067555772790290946
0.006285744404680106
0.00644156318289801
0.0059390248931537005
0.006296058987566455
0.006350209236332392
0.006712378222217702
0.006815167840291858
0.006174734834594098
0.006166317482623207
0.005942850991072329
0.006191898925369858
0.006189393018566243
0.006727227224027409
0.006060164914857398
0.006322737964577612
0.005932719173015115
0.006463614826793026
0.005471260089848523
0.005696555870040206
0.005862376950660172
0.005614771809147673
0.006430146852296907
0.005981731479499783
0.006741893833489711
0.005587420897190883
0.005558017012392099
0.00643982242793995
0.006139154128218528
0.005759908682348769
0.005040658905428657
0.005662413684347549
0.005328832907475368
0.005536193595448633
0.005912242745345918
0.006509749142817239
0.006924792331360571
0.006220516100148503
0.006052399928899725
0.006104632440330689
0.005603138945816929
0.005786392428425285
