0.283575295396057
0.11484537402486027
0.09352147181075607
0.0822621788041918
0.07051072792121643
0.0607347989607689
0.05319230510633562
0.04723359919694312
0.04284288698647408
0.038593787784951754
0.033517950598144164
0.03053818195726144
0.026689191529555196
0.024306249703197426
0.020953530402068515
0.018411177049391377
0.017063563291593465
0.015181508954732584
0.014018659471419899
0.013536862169575635
0.011619730920854027
0.01112707936453543
0.010781011860276314
0.00989949594039361
0.009960899136530785
0.009512835689608434
0.008788635317360544
0.008686518255344776
0.008177338618888004
0.00741262420394413
0.007831242455733457
0.007449224079954758
0.007364252199151619
0.007053092732679533
0.007025395603871822
0.007084952742841916
0.006546166452010212
0.006337575407128063
0.006450004671515847
0.006157815918998824
0.006246157320516359
0.006265915905407283
0.006161288764741028
0.0061095708569247975
0.00578252127060321
0.006090803142359319
0.006222596435183487
0.005509423265822159
0.005954607778561534
0.006067213110580138
0.00575680823679382
