[[0.42624056 0.4306341 ]
 [0.32069205 0.32961278]
 [0.36077606 0.30295047]
 [0.3210125  0.29022715]
 [0.30383288 0.28386105]
 [0.3020615  0.28184997]
 [0.29089749 0.28055357]
 [0.28989241 0.28625848]
 [0.29377321 0.28954878]
 [0.30047048 0.29467105]
 [0.32879733 0.29565698]
 [0.35083151 0.29629015]
 [0.3906679  0.29775302]
 [0.410637   0.31305105]
 [0.43652871 0.52370012]
 [0.80403225 0.70600923]
 [0.75450634 0.6740545 ]
 [0.5579722  0.50448445]
 [0.42334499 0.3460901 ]
 [0.28725397 0.30909107]
 [0.33717275 0.30064793]
 [0.30444596 0.29369173]
 [0.28623972 0.29019362]
 [0.29380867 0.28668757]
 [0.29328502 0.28468818]
 [0.29545848 0.2801938 ]
 [0.29254597 0.27583432]
 [0.28922745 0.27370492]
 [0.28585229 0.27035973]
 [0.27947833 0.26513497]
 [0.26866957 0.25958705]
 [0.26175579 0.25409162]
 [0.25677348 0.25010212]
 [0.2568529  0.2430877 ]
 [0.25611575 0.23704227]
 [0.26605747 0.25394492]
 [0.31786176 0.27758772]
 [0.3441228  0.37805358]
 [0.51316719 0.5058248 ]
 [0.5930999  0.42402938]
 [0.28143952 0.29710765]
 [0.26999737 0.24896283]
 [0.24905921 0.2393755 ]
 [0.23565722 0.23652855]
 [0.22764405 0.23554078]
 [0.22151988 0.23867597]
 [0.22635582 0.23789   ]
 [0.22315167 0.23887452]
 [0.23061837 0.23946555]
 [0.23622627 0.24059787]
 [0.2423927  0.24325408]
 [0.24974176 0.24721737]
 [0.25561711 0.25025375]
 [0.25717931 0.25508905]
 [0.2605261  0.25953635]
 [0.26357747 0.26342983]
 [0.26358011 0.26856492]
 [0.2718378  0.27387863]
 [0.27820778 0.27920727]
 [0.29151501 0.28685845]
 [0.30927485 0.35159495]
 [0.43159902 0.45978987]
 [0.52692907 0.50078713]
 [0.4584316  0.42379207]
 [0.34327994 0.33746572]
 [0.3172171  0.29489227]
 [0.29384101 0.2939395 ]
 [0.31541309 0.34802063]
 [0.40222454 0.64164572]
 [0.84544732 1.06024563]
 [1.17708497 1.328144  ]
 [1.19776699 0.91038222]
 [0.30565495 0.4891912 ]
 [0.40776854 0.33859598]
 [0.31528252 0.30047488]
 [0.30581599 0.28312415]
 [0.30063095 0.27830142]
 [0.27827318 0.27488822]
 [0.27290508 0.27530763]
 [0.27894273 0.27578477]
 [0.27010941 0.28052635]
 [0.28858299 0.28666018]
 [0.31467108 0.6789349 ]
 [1.08077371 2.5632385 ]
 [3.99832712 3.90734967]
 [3.72755631 5.06154283]
 [5.60326094 4.278677  ]
 [2.4891824  3.00537617]
 [2.64492109 1.746906  ]
 [1.1412011  0.89345032]
 [0.73470257 0.53570292]
 [0.66022633 0.39746703]
 [0.39625294 0.35211122]
 [0.32719438 0.33105205]
 [0.34122068 0.321686  ]
 [0.36735061 0.31137132]
 [0.40307125 0.30205293]
 [0.44014153 0.294767  ]
 [0.47112182 0.29056278]
 [0.55136059 0.28715485]
 [0.21781602 0.28611982]
 [0.5270363  0.28729163]
 [0.3211384  0.28570832]
 [0.32721178 0.2870087 ]
 [0.31486797 0.29063947]
 [0.34277153 0.2958276 ]
 [0.4075043  0.29991155]
 [0.5764888  0.30595582]
 [0.71908484 0.36677432]
 [0.90261773 1.00315185]
 [1.99263813 1.4677415 ]
 [1.69467433 1.50005933]
 [1.35471188 1.3646045 ]
 [1.20087168 1.08210835]
 [0.7671908  0.72516717]
 [0.5667757  0.49203272]
 [0.44507163 0.3896513 ]
 [0.39077822 0.3778135 ]
 [0.41795136 0.39708775]
 [0.43221263 0.34608875]]
