[[0.32809506 0.32961278]
 [0.36993204 0.30295047]
 [0.45361603 0.29022715]
 [0.38836607 0.28386105]
 [0.34305173 0.28184997]
 [0.32648897 0.28055357]
 [0.30014028 0.28625848]
 [0.30042353 0.28954878]
 [0.3140368  0.29467105]
 [0.35235157 0.29565698]
 [0.43655065 0.29629015]
 [0.52238016 0.29775302]
 [0.61512172 0.31305105]
 [0.64435273 0.52370012]
 [0.65128832 0.70600923]
 [0.98818086 0.6740545 ]
 [0.7149856  0.50448445]
 [0.52604026 0.3460901 ]
 [0.43460781 0.30909107]
 [0.29623094 0.30064793]
 [0.37189069 0.29369173]
 [0.30265602 0.29019362]
 [0.28712164 0.28668757]
 [0.30584907 0.28468818]
 [0.31621529 0.2801938 ]
 [0.3271784  0.27583432]
 [0.32658491 0.27370492]
 [0.31994432 0.27035973]
 [0.31049045 0.26513497]
 [0.29348962 0.25958705]
 [0.27443218 0.25409162]
 [0.26689021 0.25010212]
 [0.26626042 0.2430877 ]
 [0.27947478 0.23704227]
 [0.29984156 0.25394492]
 [0.33925011 0.27758772]
 [0.42170029 0.37805358]
 [0.44509416 0.5058248 ]
 [0.60695595 0.42402938]
 [0.60565677 0.29710765]
 [0.24813324 0.24896283]
 [0.28891243 0.2393755 ]
 [0.253972   0.23652855]
 [0.22584756 0.23554078]
 [0.20686481 0.23867597]
 [0.19534823 0.23789   ]
 [0.20228227 0.23887452]
 [0.20255469 0.23946555]
 [0.22055946 0.24059787]
 [0.23523966 0.24325408]
 [0.25031935 0.24721737]
 [0.26372777 0.25025375]
 [0.27185656 0.25508905]
 [0.27172686 0.25953635]
 [0.27502772 0.26342983]
 [0.28101291 0.26856492]
 [0.28253115 0.27387863]
 [0.29463667 0.27920727]
 [0.30700862 0.28685845]
 [0.33175176 0.35159495]
 [0.36025212 0.45978987]
 [0.48015633 0.50078713]
 [0.50866962 0.42379207]
 [0.40970846 0.33746572]
 [0.33107859 0.29489227]
 [0.34015294 0.2939395 ]
 [0.31848061 0.34802063]
 [0.34181008 0.64164572]
 [0.40952558 1.06024563]
 [0.68500592 1.328144  ]
 [0.88294685 0.91038222]
 [0.82791907 0.4891912 ]
 [0.09381783 0.33859598]
 [0.46060753 0.30047488]
 [0.345158   0.28312415]
 [0.34176937 0.27830142]
 [0.31239932 0.27488822]
 [0.28390046 0.27530763]
 [0.28245457 0.27578477]
 [0.28804264 0.28052635]
 [0.28755996 0.28666018]
 [0.34032506 0.6789349 ]
 [0.4154881  2.5632385 ]
 [1.23816392 3.90734967]
 [3.44327001 5.06154283]
 [2.98859796 4.278677  ]
 [4.89332408 3.00537617]
 [1.71830803 1.746906  ]
 [2.88537944 0.89345032]
 [1.23689756 0.53570292]
 [1.06633656 0.39746703]
 [0.89553135 0.35211122]
 [0.3936997  0.33105205]
 [0.27938968 0.321686  ]
 [0.38726392 0.31137132]
 [0.52870257 0.30205293]
 [0.67635831 0.294767  ]
 [0.8135407  0.29056278]
 [0.8998695  0.28715485]
 [0.76348714 0.28611982]
 [0.46086329 0.28729163]
 [0.79725077 0.28570832]
 [0.40404289 0.2870087 ]
 [0.39209996 0.29063947]
 [0.39706123 0.2958276 ]
 [0.55090197 0.29991155]
 [0.86584598 0.30595582]
 [1.33812645 0.36677432]
 [1.69863213 1.00315185]
 [1.97012381 1.4677415 ]
 [2.93595259 1.50005933]
 [1.87827327 1.3646045 ]
 [1.25967502 1.08210835]
 [0.99641815 0.72516717]
 [0.65343817 0.49203272]
 [0.59743303 0.3896513 ]
 [0.51193868 0.3778135 ]
 [0.45349686 0.39708775]
 [0.47835746 0.34608875]
 [0.47972017 0.30974888]]
