0.11401282860326399
0.07497079953982161
0.06203270084804052
0.054438687483563654
0.05086241978877512
0.04894759830929427
0.04679595481292846
0.043461732465764624
0.03913633229123967
0.037955673335971066
0.03241749130410318
0.03132004266251743
0.029853800934096994
0.027589288183992488
0.02553205186642772
0.023440490288601793
0.023462372534006834
0.02171175915661443
0.01934919012843766
0.018937733219018454
0.01782022449429883
0.016358375327915762
0.0159502366996551
0.015637599026698708
0.014556258610088498
0.013924761580295583
0.012963130603766478
0.01249549293545771
0.012728776675101132
0.011548399830527996
0.010594299828104572
0.011717212316226007
0.010147858727116722
0.009599500287464865
0.008500488501916044
0.009128787419033505
0.00931693585474281
0.008523141545880783
0.007849324880538477
0.008320191505586475
0.008149588600737362
0.0072456621811277586
0.0073955400748742075
0.007351644592164155
0.007510966304290153
0.007132572255720464
0.0065502796757815
0.00676959543425217
0.006706121312047865
0.00671882055987213
0.006480191104327691
0.0070578332589298475
0.006655841018516426
0.005977636965222011
0.006236772444755582
0.005677186106630982
0.005753948940703859
0.00629325218501323
0.006124077607996375
0.005630375290711551
0.005965361699210314
0.005693033157889276
0.0060748501678074395
0.006531655164423999
0.006051107958206546
0.006404305195580667
0.00615879507716852
0.005751448215744504
0.005817777917215407
0.006140483927014068
0.006058923070751848
0.005797147706619678
0.005828539476617517
0.006121550970517127
0.005374504312461363
0.005756498698312813
0.006763222348392591
0.0057171056355432015
0.005563255917581324
0.0058446995706191085
0.005627250597891538
0.005411813067268671
0.0054604098563851775
0.0058516025637742105
0.005766211449539582
0.00538686745709062
0.0056311157996910355
0.006105679107046351
0.005589474047422687
0.005814721261122089
0.00557121771109786
0.0060239255817766775
0.005351376112536154
0.005535998628624904
0.005733097362341473
0.005353535761470364
0.005544463940734207
0.005783750704533123
0.005620487413510578
0.005179619122428251
0.0057645711752283444
