0.14141125721160575
0.08773374925702869
0.07516825625216675
0.0607737818212262
0.04938483751564265
0.04057397060567477
0.033807341431696905
0.02933307007041698
0.025591872295579646
0.02223622328042258
0.01925117845219338
0.017588657165676203
0.014163081879873163
0.013839971344876535
0.013039918487106625
0.012209708846295513
0.010722510245008525
0.009774888157526147
0.00929993824723312
0.00841263864192227
0.008364290850515217
0.008034286921664816
0.008280740453692967
0.007700697477185373
0.007188221517394599
0.007519654566327392
0.007812249950470429
0.007782610479009997
0.0075237571784557795
0.0072236978014049505
0.00744923660753324
0.007139541876139648
0.006829663420853606
0.007133991305155923
0.00689375012751673
0.006948869239314731
0.007490517947833195
0.0072094046167524295
0.007180734808432887
0.007141342790580833
0.0071588597132457655
0.006525976966297105
0.007004019377358943
0.006948298213580578
0.007019374882229105
0.007181007197527563
0.0067716468731849055
0.007111463394294563
0.0075083435600553855
0.00667087913667014
0.006990904331605214
0.00643847999330214
0.006624541822188535
0.006564816718642265
0.007320895872109311
0.006606296303072864
0.006644926737022897
0.007256026724625509
0.006810288212284842
0.006287844444353533
0.007086655555146848
0.007251377626736601
0.007040235439193614
0.006763032407966938
0.006385249020985585
0.006882724897229407
0.006825928522402715
0.006616129175861694
0.006672507574388992
0.006591457939703267
0.0065972014575843545
0.006678238412624037
0.006717633364272771
0.006311337008728596
0.006819730861154872
0.006814626390862295
0.006929467926345656
0.006377042465504732
0.006515191169606595
0.00693095902125091
0.007220182380704686
0.00724780665353975
0.007160492602566422
0.006468148431363985
0.007125133920781468
0.006591694789036891
0.006444787566829483
0.006804303666195115
0.007145232812193152
0.007083765840167563
0.006985791277214198
0.006616445521225712
0.006939632226481319
0.006526074976704423
0.006414120885538875
0.007000522839375376
0.006799919392461055
0.006533929771244403
0.007114050902759252
0.006982726640867075
0.006750261930523225
