0.2040662167624225
0.15853955554483257
0.12072438621814789
0.09279369156318225
0.07284853668375367
0.06270976274053874
0.05483970305226896
0.0530252093669281
0.047476486218556074
0.043120187475169755
0.038692704413787464
0.03531373028691009
0.03129131149905093
0.027945544177172252
0.025457787445322996
0.022785925194080108
0.020026848025612484
0.01939610757187682
0.01811201779871386
0.016187938771326245
0.015268402133244499
0.01439504602108599
0.014706274282853886
0.014497762357275743
0.013680994116917533
0.013651587555404273
0.014893959914354778
0.013087602925200384
0.01338813227564615
0.014024833586905637
0.014420880588500691
0.013501829980843637
0.0133854079798163
0.014235919313623802
0.012824959202196015
0.013227033953621093
0.013552635611060094
0.013262386856295114
0.01425984846505317
0.012497055759251656
0.014070240465024322
0.013448912946936611
0.013904635272064546
0.013354087456455447
0.013240459005429327
0.013375768298153783
0.01447697680558347
0.013592100430293115
0.013580387484960717
0.013862321234437161
0.013462295264028576
0.013289574575723525
0.013135146302087283
0.013257429025133619
0.013160768900672791
0.01284208950502292
0.012592267812768274
0.013398016071252154
0.013507130325332658
0.014314088922158826
0.013151838726695122
0.013839524709400688
0.01363326063908712
0.013413070046289185
0.013812396281779405
0.013896646974800732
0.013351000712892202
0.013546979491886749
0.013446041103394204
0.013073038662876426
0.013166022428919044
0.012986571294369849
0.013516081165417108
0.014021751897486282
0.013668926030273877
0.01339414189376009
0.01278432226435393
0.012952468057190115
0.013807504800806593
0.012719247969109483
0.013337761416409367
0.012933883235555528
0.013707343243854976
0.013635273145250914
0.013211395013676372
0.013711216564633286
0.014556453037408325
0.01328559863255135
0.013549516218187481
0.012905840670363156
0.013470904160061383
0.013574378256795654
0.012886395390333075
0.013081383792270872
0.01348865546605451
0.013302629122695152
0.012709525782515094
0.013066361086201177
0.012778958055851008
0.014311120541504947
0.012571845436673675
