0.12906160504635802
0.08828376597141485
0.06715939015425493
0.058233731084487116
0.054885096553500726
0.05190125155577231
0.049920399663488706
0.05124456385667732
0.04803924700453894
0.04435544651481618
0.044461506091730156
0.043091033408492574
0.04213642072608144
0.041051531896844656
0.039505557873176576
0.03781001813858044
0.03310289018152519
0.03321430779669379
0.02902114515857265
0.025531089166896732
0.02664903457966172
0.023893954283564906
0.02132040336924675
0.020849639774916256
0.018760592675559788
0.01692914399722611
0.015566558168777634
0.01575682438132943
0.014891983621662712
0.01272998709419205
0.012323006473465488
0.011827662506563752
0.010721526702950354
0.010690849561919184
0.009854092398118344
0.009935727042814773
0.008930469263497278
0.009971088546986162
0.009269534040753561
0.008083415619901823
0.008868460776636201
0.008401047542123065
0.008756937487875963
0.00784590150062224
0.008075347317132664
0.007320869045540179
0.007894701753717617
0.007881382137850218
0.007664393419419196
0.007086258677222249
0.007126345099567881
0.007429012274138058
0.0071913623625393715
0.006527894361226234
0.007082059410403526
0.006054084306005231
0.007443232296117675
0.007178010208399299
0.006852545273608584
0.0070687177589060625
0.006377477748082298
0.006765521950281085
0.006594370515568692
0.007351277458391626
0.0061710151628926934
0.006803659104437165
0.006945887150177556
0.007368442855770273
0.005630176442044445
0.0058099521690623875
0.00656937263710143
0.007017255365456983
0.007182823849261496
0.005542102753995976
0.005438724913591552
0.006034455319038918
0.006840558722328233
0.006130963037040681
0.006224476716418585
0.007066916529424593
0.005978880746694174
0.006827218818146709
0.0066125136034158255
0.006381602513747727
0.006126338685018595
0.007155613790163845
0.006210512614820337
0.007561438754485832
0.005691249257809084
0.0068511233009453535
0.00661704285357781
0.005997135660714176
0.006372299319030454
0.006139490902421348
0.006171517657927829
0.006116701135251239
0.006281629359183103
0.005851843705768235
0.005685277042581174
0.005934457427768767
0.005913567256011631
