0.2503518573230434
0.17294177767447522
0.13148695441489802
0.11146132555008414
0.10379513655321539
0.10126642210900277
0.09981617802338251
0.099970261823442
0.09893051008966268
0.10074828581655604
0.09944681030573073
0.10028032440213
0.09980965975635638
0.10118399134742614
0.10145271618744764
0.10031599682437034
0.10188055468763078
0.10177420940375106
0.10093489953779947
0.10020891047267348
0.09923076538499254
0.09904584343406263
0.10103172395626563
0.09968017590147105
0.09902614908955996
0.10146668505627299
0.09955054449178953
0.10062569294553386
0.1018147512710275
0.10018024706340575
0.09807661689938145
0.10051842444071435
0.09955419046129046
0.1001983866550503
0.10062744909588288
0.09922140889133921
0.09945220158403087
0.09920666114301105
0.10067978341403123
0.09913731854283216
0.09909845775103968
0.09998562500289644
0.09999742918259559
0.10197376104064501
0.09929713226917683
0.09956524916222247
0.0976353920200112
0.10001850249069122
0.09951020563677328
0.10073927490549792
0.0992357622538757
0.09939824294242107
0.10138157663710184
0.09891789193164684
0.09939680537272351
0.10108533669919567
0.09976909857347085
0.099540334175496
0.09999495630197847
0.09950067514816609
0.09857104110220005
0.09969039278173669
0.0994414575981141
0.10021873999473384
0.1001881061525081
0.09932082060186406
0.10128422718972967
0.09964977782059731
0.10027246847263767
0.10013627828143414
0.0994241863441891
0.10064600911591341
0.09893994825480419
0.09986908731257256
0.09874229945298581
0.10079498321495552
0.09923740657332088
0.09984491395543633
0.10061603951839222
0.09944005065410483
0.10083993871366966
0.09949714454369
0.0984227681019474
0.10030853773218434
0.09965534809514559
0.09971778986098473
0.10042479239119582
0.10047905760219449
0.10018729482410721
0.09878161574389978
0.10092135050772058
0.09897220042132028
0.10005310562207834
0.0992964019417669
0.09857734146412239
0.09892336486868274
0.10115764325754177
0.10057281300520551
0.10043057986871523
0.10101355655260756
0.10067036849828134
