0.39790508812165043
0.2773624146699831
0.18113234374439754
0.11411612508835275
0.08687366610362114
0.0796895778628648
0.07379142504828086
0.06954557161300018
0.0627282660069815
0.057360961694896594
0.0524108655315029
0.04691653891886092
0.04161165502526902
0.036057997016879
0.032826382101865254
0.028582917556192595
0.025378992563711632
0.02395845864211174
0.022432273850977083
0.020493796669185684
0.01971726237704691
0.018166970705552513
0.018944881895215943
0.017418137570722043
0.01651664681308726
0.016429812160869344
0.017300017221184447
0.015552093917751676
0.014604559450222198
0.0145959691331332
0.01399127064680706
0.014429369597396886
0.013592722579122432
0.014007187192875794
0.012105958624223099
0.012239382308908144
0.013005650225795777
0.012276596397365102
0.012783188893710348
0.010803027742481933
0.012478874880611517
0.012352182851577846
0.010670753524406358
0.010226355773818164
0.011332077707475978
0.010326804875379288
0.011524622433111918
0.011871029495934046
0.010816890610013067
0.009519946773189021
0.009988254969931547
0.010206648051415645
0.01092872113779619
0.011537354221223232
0.01122444447457236
0.009931292733472027
0.010450567247125587
0.010270403881305712
0.010007807106491354
0.009759235250687183
0.009809931855663359
0.010057585276461875
0.010517331383489701
0.009629417018180628
0.010061972928116995
0.010038754840766693
0.00912693954975914
0.010266958146247732
0.009688555676816025
0.00989901724348988
0.009979413830756323
0.009735464749791735
0.009152122712086907
0.009228309707864367
0.010211071540532825
0.008640088338595408
0.009117756633783256
0.009441942152965203
0.009752207553689985
0.010460878003677824
0.009588244005422068
0.00920882058107976
0.009808461028630554
0.009596109510010931
0.009388027344883122
0.009257391782430862
0.009860497681013717
0.00984337471874983
0.009907635925227155
0.009784458730183342
0.009792161410864683
0.010384069768746916
0.009705992357946716
0.00867744328445696
0.008860855705834997
0.008934612064826384
0.009073263660143086
0.008942486197892901
0.008357544153705874
0.008894318869168326
0.009648081078790347
