0.07804420559955133
0.06436231222218897
0.05288548148815659
0.049189102805336046
0.044970607277494634
0.03819283843805823
0.037727043222552256
0.03138417942834211
0.02929915090367369
0.02464198277101184
0.021323611718279567
0.01930831476394159
0.01692748805636197
0.014788418589222163
0.013950260938851744
0.01348798309745751
0.012378677608409975
0.010871973179240987
0.01095372091764208
0.009794328034325221
0.009207833029268126
0.00916893639941295
0.008623945526565613
0.008478146686580097
0.0077122698654594375
0.008651232005860628
0.008027827265621583
0.007206698884783671
0.007724381245309685
0.008002986140388467
0.008197756253009642
0.006787930060485402
0.006727142343308284
0.007038413575454471
0.007170586235741899
0.006525662444395917
0.0067545597989184854
0.006887226069855651
0.007534271768689233
0.00713364459817482
0.0069640959147982484
0.0063008940102103105
0.006227122430128505
0.006466211214583943
0.0064509144050913896
0.006022375711052035
0.005925019767844052
0.006413115173532678
0.006838709269495326
0.006886115995188974
0.006409569720109736
0.00635125321044785
0.006668404597955837
0.006575086037068641
0.006195317617866125
0.006027823933966497
0.006022444442487112
0.006500133142311875
0.006054114933293223
0.0061145579245044475
0.005948356779761182
0.006260841096644239
0.006097344787008186
0.0057778984790208205
0.005655457567262103
0.006399680118127059
0.006348882004035488
0.005969611297594293
0.006298110757392634
0.006250917385889389
0.006027284241520414
0.0064026451654858076
0.005640648520718942
0.005999708570258958
0.005765806366504385
0.005971204757507222
0.0060479573531330095
0.005957240265776713
0.0062999109214007054
0.005909267326390599
0.005892002035562449
0.005395205333877447
0.00638740489031611
0.005738289952072447
0.005394302642421437
0.005703395148118716
0.005394763362596409
0.00709116679629866
0.0053346332080674375
0.00605756189935495
0.005384368121350001
0.005446274989501486
0.005995187111261945
0.005424672658333853
0.00575968698502148
0.0056178463501069574
0.005824372269245547
0.006055621942152142
0.006264454864980264
0.00539730897680399
0.005706018041404776
