0.1043583704188012
0.08650741309542681
0.07023913013543975
0.05918958374646394
0.04951268879667908
0.042064248396625585
0.03791134179920593
0.03345519567703689
0.030086406236000122
0.027651084719146676
0.027035512329074227
0.023758976198470085
0.02349569091619506
0.02194738873067475
0.02055769196453143
0.01939885233646015
0.018988373303622127
0.01831455247197045
0.01801644069845679
0.016538267172125448
0.015847526936589525
0.014979488069440008
0.01563943443295444
0.015496897239463568
0.015929535482517916
0.014588683386478856
0.01231208342512599
0.015141341210072311
0.01386815079957813
0.014338664324699503
0.01388535285000713
0.014689169536020466
0.013616175840531085
0.012325969501710478
0.012170196895937815
0.012726336811052463
0.01395726007954001
0.012724113862911548
0.011560639125693491
0.013201884627678781
0.013371248501071627
0.012552697616740533
0.012569200004805846
0.012634032105598051
0.013742888552301727
0.01303043635753783
0.013618317455572682
0.011810391558945246
0.01261848198108542
0.013100396909766367
0.013026721710440515
0.01316410945020126
0.013429182293945274
0.011723569488750009
0.012372454653869583
0.012544894250983308
0.01236195219141824
0.013007141727039042
0.01197945066836801
0.01187026559275798
0.012262712369723731
0.01283605968264361
0.012221511010471501
0.012466106056825823
0.012089647087924517
0.014675577567893804
0.013117768452668406
0.012454149434008533
0.012852618320138431
0.012952731847939944
0.011103968604681491
0.012973174205764042
0.012261676039538734
0.011756007664784905
0.012538439646165607
0.012925010524358774
0.012397897889996682
0.012340346669194365
0.0127206982190885
0.012749603418962318
0.01243982517161615
0.012548674074508617
0.012454543871911116
0.011699477410833083
0.011980196456756445
0.013133345618060573
0.01341162162890468
0.013242983252852454
0.012518656404343595
0.013199189336742063
0.0135821036425776
0.012690549847861872
0.01306939324378702
0.01267002196597418
0.013350357796870065
0.01352278116366207
0.012993757891150134
0.011859135219965384
0.012638237368950297
0.013459537777234963
0.013696721515928954
