0.14734731434661227
0.13429590219081333
0.12495951641662023
0.11618757535927957
0.11239781065655145
0.10647422615459046
0.10236141729656616
0.10235853266961682
0.10318658154770108
0.09808319904242463
0.09407267697269082
0.09279254958420087
0.0880634506197474
0.08490120202991677
0.0849138192586447
0.08126757168378232
0.07645042962520085
0.07671457036945047
0.07083568600535947
0.06888971898917706
0.06769562889292867
0.0634995657005833
0.06108593036009308
0.0582801352526846
0.054085492788754554
0.05342285028762568
0.05070037369374227
0.04720459069134369
0.04511127424336271
0.042132456370508865
0.0393008920165852
0.036948776984455096
0.03390449668160004
0.031765068686369
0.030343711840317047
0.027688967037537135
0.027528520082765243
0.025848767540771582
0.02497834741616034
0.024237676935221095
0.02335274639500123
0.024225622146416707
0.024349330533901523
0.025220639325178842
0.02354469323841617
0.02535715797049658
0.02459811487780203
0.023969862525693574
0.02456950633026508
0.023297418530552953
0.023331221902502853
0.022581941968701846
0.02440692959034048
0.023829620975593428
0.024326328239641596
0.023543691404459135
0.023045141388930525
0.022629041039313742
0.023045575506556646
0.023140497591455794
0.02296677373547909
0.02416218283528267
0.02390383301561399
0.02414295726775806
0.023420183344709883
0.02335893307327239
0.023017263263873183
0.02267659306894749
0.02306239453286345
0.024483940795558556
0.02331415917122343
0.023522684943574786
0.02387012958717733
0.023960496201984354
0.023919828495996425
0.025138374706276067
0.023027882969410836
0.0235871256224439
0.023519791966506103
0.02320061288621637
0.024030826350463247
0.02260030110862914
0.023704932508509382
0.024289364894118717
0.023295854710327756
0.02327431666549337
0.02411499527571042
0.023173300024807233
0.02382522366184569
0.02382459487404342
0.02406575980606997
0.02337807082833121
0.022885554579724313
0.0225716568426988
0.02414900224634493
0.022595603672052135
0.023768554321774767
0.023554532549758523
0.023425155957514772
0.02411816860613129
0.022888242158626643
