0.22200182765285256
0.10722905139414199
0.08269613560559853
0.06805384899452865
0.06453504881736205
0.061308871015077225
0.05741653640309269
0.058522992664494664
0.055262192803273255
0.05404894158775747
0.053197948194405334
0.048894271936823455
0.04717055684084593
0.04451300687301396
0.04628133303422404
0.04096859821731308
0.04110398871057021
0.0381870416435099
0.03316038805567433
0.034533313776291416
0.028867869916981165
0.027292651174472198
0.025484287146770007
0.023398759327927097
0.020670076740344216
0.01952191142586424
0.01772402593539454
0.01768524194682452
0.016452772171683467
0.014802475765368039
0.013789694572754748
0.013492886386374069
0.012703321056229235
0.011990969566988138
0.010814011338845849
0.010857234098511196
0.010150986708828101
0.011477570388558274
0.010538314926425606
0.009256493401819475
0.009670379967628349
0.010277219012913228
0.008384576511826586
0.010106229190566656
0.009225594664344609
0.009866191727695308
0.008502251360065216
0.008591691793638667
0.009396356111859952
0.007940082823281711
0.009203531426344617
0.00922377909709279
0.008704795011998837
0.008061854390793195
0.008092520354865683
0.007921596768843004
0.008418057096259599
0.008083792054669954
0.008976291403815343
0.009094023716245417
0.00917162084950015
0.007314558727297322
0.008364060726198162
0.00833813277396736
0.008399411824588823
0.008599727603560882
0.007758107479307886
0.007273306765830336
0.00875696174971515
0.008944573230278993
0.009060840661282014
0.0074571351254212786
0.007570547028961478
0.007850588010630849
0.00798361636293727
0.008582026908959744
0.008466720645327178
0.00757517171304933
0.00817422167171478
0.008123876515253264
0.007121143231639637
0.007604112619077692
0.007860762063250525
0.007418166676922055
0.00748866698781389
0.0068498173900447155
0.007132247779592882
0.007352402052399718
0.007691847134243076
0.007813231547791068
0.008873612443259184
0.007881405127228918
0.007288197128318368
0.007390779888476162
0.007321288305365707
0.0082664548756212
0.007745880818723667
0.008252832761863676
0.00802244838350968
0.00678222140944305
0.007263590936798814
