0.46001146583050984
0.18253563115557606
0.09415610347176424
0.08309437627343585
0.07265640078672618
0.06607676192266292
0.059128404496114256
0.05519176678863335
0.04849579055902656
0.04520590866428772
0.04028095728544133
0.03712491910128115
0.032686210584530806
0.031305051672280544
0.0292636567990259
0.026707189423064777
0.025960783054591676
0.022918723114761078
0.021901934801470384
0.02166788758081653
0.01861782956121119
0.017273473899392475
0.017643539852597975
0.016360537207245698
0.014470358916936299
0.014154675358376844
0.012314550284104789
0.012134513974918356
0.011733640566035274
0.011470422557918018
0.010447670441788568
0.00934806671234811
0.008947443606529904
0.008944015029506711
0.00845621015982035
0.008098099027757434
0.007304740368356915
0.0075135342293620126
0.006318439055360109
0.006127405590046962
0.006619632894144823
0.005611188225612701
0.006206427643182287
0.005655058988278267
0.005909667038683722
0.005977969519443714
0.00518327283012568
0.005072179282933674
0.005240742304326885
0.005009052788626056
0.004717917259884035
0.004807773023530015
0.004636444977124195
0.005226051356937349
0.004670195083668689
0.0045909104116681025
0.004462951723926927
0.004736463136108985
0.004575927803652248
0.004203542608840568
0.0050229301021231096
0.004744060833122792
0.004422107766877918
0.004288232517496751
0.004894526191449948
0.005322132107068694
0.004178035491534788
0.00470733275469364
0.004568408666938064
0.004810702425616154
0.004879693935383711
0.004733787206188735
0.004100722447321048
0.004569431800815962
0.0041476701162009725
0.004393562139919664
0.004252583197398304
0.004218766430016981
0.004608495057370179
0.004788449569606058
0.004480737027807334
0.003954872142406335
0.004179574078870949
0.004558528565442447
0.004302971900945958
0.0042666739892380495
0.00411631098983787
0.004316800047305968
0.004388556821431206
0.004712296942343552
0.004899710130350292
0.003999156646930359
0.004435365496283299
0.004008715305045888
0.004710220739421119
0.0043394968878816605
0.00445724774559194
0.0045395947518440715
0.004188794047787007
0.004053354531415001
0.004988261741020544
