0.23688433080663482
0.1542715706839638
0.11711689337578395
0.11089310445295342
0.10598974930822053
0.09935298245305021
0.09598299463891925
0.09156699771987711
0.0852134786149009
0.07771127802261175
0.07119148323036009
0.06229437323843117
0.05403594670443947
0.04633347722109361
0.039822947327489394
0.035548625139950135
0.030975647711684
0.02669846523451389
0.023601630120756136
0.02070701275861999
0.018903516484054833
0.016849350405412772
0.015231709405730114
0.014129710084488897
0.012935656908991244
0.012212291568525005
0.011698773604592073
0.010775626734483214
0.010175956805772513
0.009952253707047968
0.010001873588867507
0.009484330155855846
0.008968628671080755
0.008091876405462098
0.00825479884146771
0.008014949751557582
0.008099394559674322
0.0075699575362528125
0.007392414159986014
0.006935708901926842
0.006857369782659849
0.006653826673807784
0.006325751153042926
0.006089735540341766
0.005795286819353538
0.006335849011419781
0.00563188679411222
0.005770165264760594
0.004778882630313928
0.005640825885606184
0.00526616761149351
0.004782375533474463
0.004794896731835362
0.005121633358583671
0.0047362744224805865
0.004641605648845196
0.00466413706544462
0.0044128556746423075
0.004367912801541374
0.004534799476373268
0.004371491094274571
0.004226942619233666
0.004695217292207159
0.004275851323275675
0.004362269327349142
0.004011404453879112
0.004118172361319691
0.004005776260492187
0.004119300641599035
0.004007849664605526
0.004108659616297131
0.004021105860816111
0.0038960670707899577
0.004526851788313657
0.003969033016902344
0.0037161651954009806
0.004127819475395346
0.003562498084451041
0.003814629610157169
0.004097447603071013
0.003700425429769522
0.0037194892501153654
0.004175440574778304
0.0043322291248566475
0.003569475912471317
0.0034303612421112406
0.0034654847127261867
0.0036828456216045557
0.0036888017156103364
0.0037541667862098674
0.0037650340329650903
0.003510216543645407
0.0036171925436397265
0.003626071120364242
0.0036292243789122157
0.003399370083038573
0.004015061337942487
0.003745536102770829
0.003175250627521397
0.003780562487331226
0.003549391941329983
