0.10263900289969186
0.08850494933063263
0.07713099978519723
0.05896456330887933
0.04562835197448464
0.03540935506213566
0.028266762830481743
0.02326183777655939
0.01894400914704219
0.016848448329171137
0.01420335651238797
0.012505207800938547
0.011126747675480596
0.01026427440213192
0.009550061417077807
0.00877893482691268
0.00821189727019519
0.0075342100348442
0.007084209380432655
0.0069707571458108904
0.006609763982752115
0.0064340784922507065
0.006324857269792196
0.005902425158158288
0.005640442202359464
0.005986675446023314
0.00531653681889509
0.004730735243229649
0.004685369801945845
0.005278461627288171
0.004588616296359812
0.004999702428663837
0.004649508287741411
0.004744281497752578
0.004824040430820153
0.005063165557036899
0.00444982601671403
0.004544433191528492
0.004771166722453841
0.004259780960142407
0.005202060164216027
0.004729564348355988
0.0045772693753937796
0.004253769831214333
0.004394676966723146
0.004199406548559861
0.004009311723117515
0.004393438803823407
0.004324400024722472
0.004020256008640822
0.004181948382956013
0.00420441039443299
0.004457333887544918
0.004162841536836713
0.0043428179771225
0.004086342998021902
0.00495131347684493
0.00416927642223685
0.004437830442882656
0.00389238460517333
0.004616338679935465
0.004269069806513299
0.004060918481382904
0.004198471536282409
0.004597546773615187
0.004141800580016579
0.004243847015851759
0.004546111237820382
0.004230377165434355
0.004373450088344176
0.004528942113792352
0.0037665519326009066
0.00448933751774231
0.0039102260737534185
0.004096030749557787
0.003915610956613457
0.004932244543859942
0.004338404174916827
0.004254066139216363
0.0044154263750194895
0.004241545079098714
0.004571189664344831
0.003895287261737503
0.004154013529858541
0.0042033092906255615
0.00454782233980827
0.004389942500289815
0.003723648152693398
0.004742926515255165
0.0037620555686745847
0.004440919344951232
0.004844840286063781
0.003923591624668898
0.00435496734599014
0.004461264650504891
0.00422123021054866
0.003980799164180861
0.004565504272871517
0.003661713766214918
0.004251137155169511
0.004277303799016751
