1.8036844064607211
1.5064224505961
1.25799227366971
1.0634468853571502
0.8798771810807848
0.7457577642177037
0.6011152674179613
0.48331785478272976
0.39959140958602624
0.30037684812018867
0.23518107975292307
0.1784066000692753
0.13888000806561185
0.10926490983213065
0.09516568338694187
0.08490049888824014
0.07870189018301094
0.07190289922234078
0.06650704979346123
0.06288532413351583
0.057577700733218
0.05280031121053666
0.047958691432105724
0.045072166200334024
0.040219443500903014
0.038244215280366305
0.034097014953304916
0.032082212881065886
0.02971561839224671
0.027187465457518992
0.025622933243878408
0.023968282224637386
0.02329766516960743
0.02325897221062867
0.022237395319435665
0.020757741507922266
0.02070980983940878
0.02217136127019496
0.02244958624151705
0.022302076339339158
0.022073910325510294
0.021306624644723392
0.022543290741703907
0.020517195360709416
0.020882180013901474
0.022048812456770137
0.022175969272884257
0.021988901003420644
0.022810104466266537
0.023241127251603752
0.021854245199371698
0.022321142681440524
0.024034713014835018
0.020902061224203336
0.021319453932875935
0.020379555004723438
0.022468042379861688
0.02083116300235248
0.02052980813932545
0.022358657166377704
0.021884988960715883
0.021179385326757578
0.02220612750191679
0.02146247944892552
0.022334502329080512
0.022287587255197396
0.02257059929336879
0.02126680403634736
0.02171971865290365
0.022536009522808712
0.022338300565640297
0.022078470411050495
0.021574629932585382
0.02128040680465856
0.020660469967145875
0.02190902428199884
0.021572118473143515
0.021850045765363542
0.02142826820393108
0.02176158718749275
0.021179167830722892
0.021944984441853548
0.022238475081101175
0.02116798112068334
0.02215856043641616
0.022612740036181595
0.021010857470574167
0.020917284478719086
0.02194431244435113
0.021471427886300232
0.022032722312427207
0.02346362371997277
0.02179450066700946
0.022601330945691153
0.02222489508152523
0.021511831269419288
0.022339582914499626
0.021242894836408663
0.021811728557613333
0.022636678930713455
0.020644535238819952
