0.08049451556237824
0.06858484822147283
0.055861411385371824
0.04591456543743769
0.03629763591843291
0.02912288599855546
0.02331926268626326
0.01820053696445641
0.015173206224333087
0.012196498262800955
0.010398444074362575
0.009404037138628621
0.00905106934340715
0.007967610221244635
0.008088468885758118
0.007714536431536702
0.008003241247139291
0.0075061779226081446
0.007244925067300325
0.007340054595225896
0.006676081231917275
0.006891707056205594
0.006537465830427186
0.006709445243236479
0.006672307547878236
0.005659521625413317
0.005953558547272346
0.005941669752716645
0.005931727878788
0.005877755625746091
0.005680626688265073
0.005069613469094335
0.006049467717869421
0.005393948444233624
0.005827922131109723
0.005477340569168528
0.005242268051736874
0.004948238570339259
0.004943329715274676
0.00514439261266405
0.005194353647228861
0.004781881284202898
0.0054838990648255915
0.00505696777995304
0.004923362532414963
0.004926102417783492
0.00483516205771614
0.004664730648773013
0.0050489326598457855
0.00450733226771081
0.00497469079637138
0.004767395626414658
0.004529271588455183
0.00500330784864521
0.004426311402591475
0.004649930853148545
0.004978492553373939
0.0045059703880651145
0.004707515362092414
0.0051188651819198995
0.004803124702426981
0.004985837995273993
0.004170742604614002
0.005279216293915651
0.005381910865782979
0.004661337582195508
0.005129418609869835
0.004603930784437837
0.0048121175001443256
0.0047991172198601625
0.00432371384909826
0.004981186876775114
0.004663484140368391
0.004766490706236582
0.004838880864105525
0.0043859792214057955
0.004943275810512588
0.004841369815033301
0.005060871517822102
0.005587955580839037
0.004694116991107967
0.005022658084334926
0.004945025444426551
0.004687731086923615
0.004665157026624402
0.005009416120801113
0.005050108449777283
0.004227066196331806
0.00532830848961602
0.004546573795935281
0.004744895752263166
0.004323525111602499
0.004633364172480874
0.004490893602952558
0.00511683046577962
0.004471504528298851
0.00505090903917376
0.004658483300118917
0.004950223434280535
0.004626255585044881
0.004886360879638857
