0.37801910556223733
0.18330934862064566
0.10219258615212652
0.09471672265144832
0.0892825131423093
0.08426243887609548
0.07565969854831633
0.06980506615866122
0.06140595494148139
0.05536841212470627
0.05067122220100239
0.04665015511020245
0.04357138981252406
0.04029223136860125
0.03806521643430784
0.035797576983424936
0.034170517602586346
0.03279815251348708
0.03043078089522606
0.029609584865566245
0.027888842018169695
0.02752063708383156
0.026783816553980343
0.024488984049466853
0.025037248919221076
0.023956305907716406
0.02340451655092873
0.02249100425512938
0.022372769117912424
0.022071195665961253
0.022274993268894896
0.022166416920052792
0.020866512269777312
0.02087725544649513
0.021124974564299622
0.019613998770445413
0.020335774620361693
0.019453423969964564
0.020071502770907686
0.020870652750018558
0.02066324032262132
0.02031794896063925
0.020143407040479185
0.02022352957090438
0.018753321908700462
0.018098018608262406
0.01883797152962559
0.018323706811943955
0.02015523457718604
0.01980622748330027
0.01949197676167211
0.018862316457563463
0.019298865323450525
0.018594818424896905
0.02033080957082968
0.018748453917915534
0.0205338016645398
0.018744361120560424
0.01792179851563213
0.019389290966073093
0.01934237071159904
0.019739651994663536
0.018759495108240182
0.01989270776793918
0.018559413088109603
0.019612737139379235
0.01982094612505508
0.019000684927861403
0.019218520409060618
0.018606244119702384
0.019463505846305133
0.019030982983363212
0.018825842333612234
0.019590802666451704
0.020004085490448523
0.019744125958782346
0.017813070770269675
0.019296256875413274
0.01702174118486472
0.018032663745557478
0.01837557307305626
0.019032027651644284
0.019387132759249862
0.019495307556818782
0.018389865915470996
0.020008291345008325
0.019409664970787263
0.020330721607913046
0.018441078368582945
0.019560924678942354
0.018356583167647475
0.0185963690641845
0.01857820340961964
0.019311489607838735
0.018947710002763546
0.018486744697221332
0.018379259263698614
0.019023425529146615
0.018378490303234702
0.01843644919393406
0.018436899446451164
