0.07822766843917621
0.06120331387769304
0.047772218612081196
0.03989678794837382
0.03635245945817223
0.03196874043288459
0.029419148867752144
0.028243832987707745
0.02607203883259617
0.024236762318395437
0.02365773152621637
0.02204209651035148
0.020155501890206807
0.019809935305102493
0.018424871974042148
0.01937639378383668
0.019221276553570837
0.018593410601129432
0.019420005372356063
0.018157884148210405
0.018644532802618283
0.019146617659301788
0.017960019141046776
0.017797331041895764
0.01831855094655968
0.01788006502352556
0.017220120916796092
0.01771662632665081
0.017851420097423163
0.01807535598103162
0.018278268322475054
0.017933360705006812
0.018331953911595842
0.018234747649817928
0.017827146740831166
0.017745779198919162
0.017946164841960262
0.017533303560077707
0.01827920349061836
0.01781704682320907
0.0184121771282249
0.017688722915277625
0.01904600627799069
0.01816282388153734
0.017994885172052846
0.01805257020349727
0.017984107760198265
0.01714958431554859
0.01703170047452348
0.017089651935130217
0.017629010768224415
0.018307082755103676
0.0175656281866722
0.01748771011186217
0.01814798596502806
0.017547722413817298
0.01688276563871645
0.016880343970631925
0.01703558566008613
0.01801623043690191
0.01713050116154061
0.017890865470734006
0.016831327498316534
0.01779745144612887
0.017580860896467345
0.01722736944677909
0.016759325768670032
0.018306532244758603
0.017075385667364898
0.017960521642550725
0.017740439127606828
0.017353687673843307
0.017393216944621592
0.018665811126073795
0.017664998154405292
0.017276569745529196
0.018529038830976383
0.017637172683780632
0.017602901983744697
0.017634531460000838
0.0174060674629479
0.017278832979413142
0.017581835749673275
0.01741831689308658
0.017304637568324097
0.018407260634296572
0.01781330827580159
0.017564969094527674
0.01691176587831076
0.018461250048733797
0.017774890095791092
0.017709936537583817
0.017173499275928508
0.017847846836980794
0.016706551360027518
0.016597472233211435
0.017773004117913892
0.017805107075417877
0.01726522233558828
0.017083772761281223
0.017567831749565575
