0.05959073610702367
0.04336431709605231
0.03594449222592629
0.030261109503105052
0.02659440259703106
0.02352251422698685
0.021090806677085183
0.018467899342638813
0.017627224079164013
0.017686809502824054
0.01657281986526636
0.016540472038733194
0.01737687740232116
0.017078445403809844
0.01726172814403663
0.015746831865747272
0.017102787985536414
0.01611089542597183
0.016520816665895312
0.016502978626518696
0.015891865040206916
0.015504598914434094
0.015307789055768604
0.01605542076865125
0.016239372702333707
0.01580969016986617
0.016171607543345772
0.01552718032257697
0.015746085488801822
0.015391692175308972
0.017186829473687243
0.01709612014431783
0.015901097376758853
0.015494602426483895
0.015636219262522073
0.016906917108425585
0.017030783682875455
0.01692499828875624
0.016894559271053825
0.017175434486728463
0.016477110291311877
0.01703712544855804
0.016651667546043428
0.015832061898157015
0.01634815650954004
0.015840872093765144
0.016562502578978355
0.01605683022576426
0.015514282469843365
0.01600623947353346
0.016247604143656603
0.01629640495826545
0.0161928080070093
0.01595610978572559
0.01648569907133765
0.015585886029270114
0.01651761959068733
0.016605469665019676
0.016216115083875562
0.016459995409331938
0.016586359800965796
0.015588177232540364
0.01717576803501639
0.015993763566911165
0.016129892605299987
0.0168520672783421
0.017252952145920642
0.01553924199153319
0.016294703908798062
0.016850209614119652
0.01743766395419039
0.016691412498120246
0.016877671716900428
0.01716908743225528
0.015072216741840486
0.01593630032840981
0.015815299541487828
0.015468872313205487
0.015975003070223134
0.01629258402265997
0.015548209476559426
0.01726364389177322
0.017026837820054767
0.015132808536446694
0.0172116674599035
0.016407287382319717
0.016210629658201806
0.01587773309032769
0.016003661786472216
0.016501535574376162
0.01639311077006678
0.017219223552257672
0.01655588317024418
0.016425604531814658
0.016358273377147417
0.01722365713063415
0.01630775869977287
0.01710403311762269
0.015676226828878682
0.015957848929913462
0.015727972241891878
