0.7419784082528103
0.42302540682494333
0.22992128610033657
0.13035804837330497
0.0995058143217264
0.09605267781404683
0.08916875002830338
0.08199378814216828
0.07401963680130061
0.06777233709937269
0.06299583794166076
0.057536207192934716
0.05159937742922378
0.04520861063812475
0.04026095302566179
0.037515092599862215
0.03246667153141337
0.030452700913969587
0.02694716960324513
0.02407529320694707
0.022452318856319417
0.020931782021223474
0.018471609036867818
0.017951745949662486
0.01699221541013844
0.016988556852803947
0.015221782122610137
0.014650080760289159
0.013454006907321854
0.012495025427932247
0.012340421873965286
0.012355005018415188
0.012794112340426418
0.011067322642754788
0.010924201557772609
0.010998941139631525
0.01087112542473939
0.01069536412167105
0.01013531897849955
0.010198056199671015
0.00969321425096081
0.010061586035458016
0.010248830002980491
0.009709822910615616
0.009241410458219563
0.010159077081698834
0.008703301669152955
0.007781731820355092
0.010329871342000094
0.008596352518224168
0.008103710777439958
0.008727961290452994
0.008674261341875864
0.008497532689725477
0.00887584463725133
0.008541824163673254
0.008404348046201682
0.008484610676580916
0.009648838117162831
0.008235471628133009
0.009789702825381063
0.008510073447686187
0.007737945865239988
0.007538942271257043
0.008631694343692726
0.008113335186542248
0.010401981978077254
0.0080775096268872
0.009353585701976584
0.00872001405003457
0.00983535110952959
0.008472508507281793
0.010080690575398843
0.009068132325696083
0.008071762648802293
0.008463839049595785
0.010238144461512775
0.008680271441324322
0.008832431870548227
0.008941360609660068
0.008246641587968393
0.0077360900288425405
0.00903302620870653
0.008224852218583049
0.008612124730419198
0.008300373764889566
0.00815289776120258
0.00881381703617479
0.009074793456462307
0.00866959310377849
0.008429741302780147
0.006773851665703506
0.009912572958274727
0.008537268922390557
0.008289584857658279
0.007992925937732638
0.008733650636818593
0.008616718942822829
0.008794768681157415
0.008555098210284714
0.008523940926924578
