0.44403355038311176
0.3011647577358682
0.17221861801094732
0.09536796916832123
0.07301770911201043
0.06763167480904664
0.06061781145915615
0.05572517229613608
0.04988399950712808
0.04561220427654427
0.039238110212543864
0.034786181835258
0.030032079232791404
0.025624287395573715
0.021706995721603953
0.018827176593953613
0.016574631028821604
0.014141122554831865
0.01430466895473356
0.012732748859451373
0.011855969044691808
0.010883710143896885
0.00968965258666825
0.009432414391418675
0.009521760272956323
0.008451993771363473
0.008054501072564299
0.007980971985281752
0.007261292619126743
0.00651624779755213
0.00623462314806762
0.0064044103116718005
0.006189776991917732
0.0061467779554924195
0.005861315194072591
0.005782991876124795
0.0060130105983801155
0.005254935982300996
0.00557944154762786
0.005658747190671672
0.00503439154190117
0.005643208938670219
0.00568899349113477
0.005413065166903098
0.005033665157684734
0.0052407163566352225
0.005241124507294552
0.0055469600518130765
0.00493794428845863
0.006174871720118571
0.005491997565687123
0.00478701032064523
0.004929641276089904
0.005025137763414318
0.004499501205827526
0.004784919132733032
0.004657923409954571
0.005141594920419877
0.004862651025252376
0.005451144525370243
0.005164124967585749
0.005238035503635957
0.0044170303903818325
0.004662137106180574
0.005267379416612544
0.004754454273959512
0.005307188693869578
0.004828359641359707
0.00440771176868516
0.004463298477371882
0.005162895796696587
0.004827661916285532
0.004869062366872657
0.0045855136162962625
0.005167088367649885
0.0051179015083152
0.004541953437785786
0.004530672162504331
0.004685927521918142
0.0045526359862468205
0.004820691998125108
0.004932707804417463
0.004898580755712854
0.0047132558018203145
0.0048542442159531145
0.004514112699659068
0.004667876152350769
0.004858967382786746
0.004640908242424906
0.00446670693490908
0.004694217669675908
0.004886615544651599
0.004823427470059185
0.005099790514325799
0.005225331042768227
0.004568610377059278
0.004542335539164406
0.005028000415714868
0.00445597952488832
0.004820802272774537
0.004396178476380601
