0.372535063768893
0.14716716722892295
0.10650459624515418
0.087565088867324
0.07197241990250282
0.06787244818716565
0.06771358019510036
0.059168812564241495
0.06047401475274597
0.055408508522555175
0.05483188377956017
0.04945821541082677
0.049081228972498815
0.04282984260018279
0.04278608425722284
0.041151544940847586
0.036470417501381296
0.03407883536096961
0.033603458755494905
0.029778112519459228
0.02776528498798739
0.02380245759695098
0.023501165169255274
0.021163356425186127
0.01899230436341892
0.016593074477545804
0.014945151166626858
0.014193673103501399
0.01303946061987187
0.010967176601969816
0.009782606619555297
0.008970011844998385
0.009105354769932121
0.0085511726457703
0.00745532095429881
0.007987600780424884
0.0077106305954553955
0.007737859549090914
0.008474864922075052
0.007051616401486753
0.007614660329775797
0.007608336773935126
0.006803399437970216
0.0074673626578213035
0.0073021030615787255
0.006166617942129736
0.006507550886303308
0.007436240271758556
0.006560991143820745
0.007827331353455263
0.0066505448752718355
0.006274929598212866
0.007627752651912746
0.0077090020773640895
0.006675199148404329
0.006513466777980172
0.007454367562412725
0.006615249112807536
0.0065036278155721884
0.006276688002188851
0.006415998578407942
0.0074750183042660845
0.0067243415324962415
0.006904661147663566
0.005835459524689097
0.007327395229557766
0.006062463487858767
0.0057766394522818605
0.005553078354825762
0.0069308624617523676
0.006381660670968637
0.0074990619830810285
0.005812638016584698
0.006656487975137172
0.005794313921288541
0.0059934732476204546
0.006384272749743532
0.0071084598684244835
0.006340675892479737
0.007041836159028208
0.00606876820716406
0.005551615482545216
0.007541766635022433
0.006073236864965311
0.0067599169745239515
0.005915427844776657
0.006282925888669466
0.006485550729316591
0.0059680823359423716
0.006288480006038042
0.0058279005420785015
0.005255077989986718
0.006359793924746421
0.005582908008760851
0.006142229101017242
0.006353620130597173
0.0068851188116316854
0.005327853308957135
0.005924263162843745
0.006250477443242158
0.006821600092443497
