0.15650014871001558
0.09911645220973601
0.07945419405416454
0.06517841875368796
0.05671358704647574
0.05713236826872287
0.05226200210324717
0.04844377394664878
0.05014602686073034
0.049451858976089266
0.04330857148813236
0.04035488343788224
0.03695615366536772
0.034936932420017115
0.031889285196964726
0.028664412345022663
0.02354609077579049
0.02140619242914588
0.01919299944984567
0.017202300640678302
0.016450297746692672
0.014387840386470917
0.013496975486167621
0.012734517291487906
0.011727603064039194
0.010345514210779349
0.009597566529032023
0.008787935938416227
0.00798078649886797
0.00772304602101545
0.006545912007183025
0.00664991308009939
0.006087722562825367
0.005791960803925767
0.005321262404084519
0.004761011853694081
0.004209023642675021
0.004826251153602896
0.004218613966822875
0.004443977749197509
0.004114949612842406
0.0037048249052682837
0.004105641692639102
0.003487582204855177
0.003418923470133258
0.003690757661116985
0.003181728959958113
0.003627414098978769
0.003778398433602285
0.003785752677063412
0.003337617755072046
0.003298875443717145
0.00325705505331945
0.0038183209342862088
0.004011650137419493
0.0034732965927739604
0.002895103186468139
0.003149149902562525
0.003037565803805235
0.0032598427769017385
0.0034911474728512074
0.002942857219899402
0.0030563319662869847
0.0035670395235239787
0.0031576977765385927
0.002954669942851077
0.003343818209118888
0.0034414061386624857
0.0029085129054047215
0.002918854280884383
0.0033794795387904445
0.0033576365298369467
0.0035173429695774983
0.003440990059243739
0.003501823667339104
0.003665687691700038
0.0035506993824078216
0.0031946956823772654
0.003108603588624761
0.0029067498736610603
0.0030424710706547756
0.002960380672126342
0.0035093102019464416
0.002860208489579794
0.003526342373368915
0.003662759023823961
0.003241932846269159
0.0033478952300179617
0.0027644881822028
0.00315132170668888
0.0032869477347869267
0.0030753059321507836
0.0035510632063939073
0.0033525054142322106
0.0031243353627759107
0.0032322633104945753
0.003502388947636193
0.0032138869668051247
0.0028957502909095927
0.003668837944520264
0.0029365778390160547
