0.06929683182688175
0.05168206576657206
0.03935001609115517
0.029449647630542048
0.022729989624782343
0.018878733211661978
0.016569602684924526
0.015191133520000965
0.013116914482809041
0.011789653729768932
0.011081227265549368
0.010523930151246417
0.010623101125385125
0.010228148102124947
0.009964133514225358
0.009626452893814866
0.009845628661441608
0.009412382182547871
0.009088156116065092
0.009066185073251591
0.009246115933772099
0.008806021575803867
0.00907423631734903
0.008841603180211995
0.008452531388697134
0.009907198778429027
0.008619122010555829
0.00828157192750164
0.008287447975123227
0.008921849392606394
0.009324687164282319
0.008878408657984704
0.008527434175006607
0.008062005934658232
0.008194504971159896
0.00982436326553988
0.008462989210529213
0.008312647967075055
0.008269708454452955
0.007705393519023453
0.009328992170647189
0.008249385206656964
0.008928791749142583
0.008903026422822908
0.008430776773032883
0.008533847922282978
0.008561343883435543
0.008467631514159711
0.008696269304043523
0.009324840188737625
0.008408961583617338
0.009019271118091034
0.007886501579233518
0.008284709224669111
0.008583253223593802
0.008603088528601551
0.00876786622536034
0.008196367870345285
0.008839576509868422
0.008127438767286952
0.008131688204244526
0.00836731156340482
0.007880087124656885
0.008863443659956394
0.008910216711079747
0.008264476332397921
0.00818316970037265
0.008469058535210254
0.008299020403137868
0.007907231270061436
0.009056653759339737
0.009052749578172651
0.008641777493657117
0.008096315308121136
0.008680456180640419
0.009070597845182578
0.00832828592721616
0.008709618488955488
0.008247343612616002
0.008515121487369619
0.008499467616362057
0.009713216245601515
0.008152228682706545
0.008764177918612325
0.00864294600382173
0.008616729220244005
0.008621198254497028
0.008175926614079244
0.008458665555839394
0.008337744078824875
0.008059604804052458
0.008020965252823104
0.008498677346449776
0.008206036129248436
0.009270806526345498
0.008936022768779063
0.008191873016642493
0.008533815115946683
0.0077197499808408475
0.008638013611578607
0.008307290067514768
