0.3174659095034065
0.17976455411524767
0.1143339525807883
0.08721485350367982
0.07937509943479097
0.07455837315721471
0.07258737163008207
0.06861443013117317
0.0637123216313957
0.060345478691384596
0.05468451216311067
0.0504637679845757
0.04460121930741486
0.04013955098175164
0.03558058787756111
0.031127024407582284
0.027675965969547384
0.023949840135796256
0.021012954551534582
0.01811266117176623
0.01592137016998991
0.014944721382534427
0.014624675327749985
0.014234405104156354
0.013216623039892163
0.013839018225342845
0.013488545770934599
0.013501996430619546
0.012684673298208085
0.013949167073769243
0.013529591854928809
0.012931373315643334
0.012988983053809178
0.012574854844135659
0.014164237341550135
0.013238462047554907
0.013958599478733656
0.013146102065189902
0.01234941457022081
0.013450800982074781
0.012807641699597836
0.012737498208008903
0.014170720900797225
0.012609544406366132
0.01364812154287077
0.012886853303638326
0.013846715848493658
0.013840968568654573
0.013919124129580587
0.013909808940051338
0.014021677131367814
0.0130536390407542
0.014111891139208587
0.013876729524121013
0.013031388768722037
0.01405157895656914
0.013648574549503701
0.013136977269376245
0.013754185025754618
0.01309814293165233
0.012815420156705594
0.01312319088339051
0.013991620556466551
0.014405992704102422
0.012976933409845934
0.012715586247589717
0.013723047690163236
0.013282451458433063
0.012890416024347286
0.012385376248715354
0.013316646381515598
0.01338428803422287
0.01332522791790027
0.013219052456067736
0.013579318292169403
0.014102507272954657
0.01306621747993881
0.013411374150088225
0.013609742382880074
0.013466013694027112
0.013821005266674147
0.013256606193384358
0.013348047114453641
0.013919735347046356
0.013185868593343083
0.013123304645753562
0.0139654283699895
0.013617440575177662
0.013564146774740679
0.013243836229269845
0.012990677185906067
0.013863448011170044
0.014039743672117007
0.013154431481069732
0.012795173756805774
0.012870756093320246
0.012468167079597326
0.012640538135528371
0.012779176240575774
0.01277522392242461
0.014013697045621363
