0.21477001820791805
0.13800912882332372
0.09230444812402452
0.07335648120174806
0.06516597044617395
0.05949228960860148
0.05933267801285925
0.05296502112191422
0.05059421829117671
0.046596273172120055
0.04609324099064363
0.042458913507697024
0.04133616337270905
0.03848958009976012
0.03585629707192652
0.03361071931683096
0.03241660231663585
0.029859228172313842
0.027887856143744047
0.025788658329797622
0.024156259823382986
0.021816608144501166
0.021476321343837843
0.020111360969072515
0.018905642677651366
0.015988994953431705
0.01649609443128977
0.015793255894936478
0.014447404307380526
0.014072375703265451
0.013470177340515243
0.01245903906329553
0.012521594510726895
0.01172461468813035
0.011672231226005607
0.01046314420917014
0.010110802323244213
0.010617448013485135
0.009837288244355128
0.009856079686840487
0.009453507928751128
0.009376186996122058
0.00865036708581459
0.009308182321885641
0.00894903880526273
0.008587540116630541
0.009101995774701457
0.008100895386731198
0.008116671931831451
0.0077592785502791865
0.007730060340000657
0.007580534557506561
0.007813540993355041
0.007925428908416493
0.007304926553689869
0.007968295910305845
0.0072575930240253664
0.00749272575367854
0.007411639449553301
0.007942819624050365
0.0072363906462040925
0.00772331513927792
0.00718404652772941
0.007137127134895422
0.007322621438690874
0.006920758433879042
0.0071757801143565725
0.006673847905442217
0.007670240636832111
0.007032284782078595
0.007176401838084063
0.007131996424054081
0.0071229517022484605
0.006882011173286235
0.0075133877731214625
0.007417665147039235
0.006978937205405802
0.0068601716937997425
0.0068475644970453714
0.006449218020525143
0.006800171415706997
0.006939027109962927
0.006757410834172068
0.006113326290481538
0.0068138134147497495
0.006911436171420421
0.0067748713163041496
0.006949138119299695
0.00640036228027021
0.006888063229536524
0.006964082859475152
0.007104219012132302
0.006645574636051904
0.006598145810657929
0.007244676112589564
0.006796415176659416
0.007345214030080516
0.006385180418114891
0.006740239272485382
0.006719569592709053
0.007033839119646451
