0.13224926971670348
0.09986622889652924
0.0834264173864009
0.07076934136860176
0.06507149839350719
0.06000066105851645
0.05552415117652401
0.0483689874705619
0.0430416404741897
0.03565653365666615
0.0298566239996157
0.02759044988381192
0.023418855001477747
0.02213863661319804
0.021184192897777662
0.02099350584615509
0.019886544604269755
0.021139506414640904
0.020408207415316727
0.01859053162454892
0.01878862446304725
0.018780637629727353
0.019033857770761543
0.018247239682523692
0.01905384027054831
0.018637261665912633
0.019609453135062255
0.018447510341553824
0.019476414350506416
0.01913802018151684
0.018042379896458068
0.019120523188331382
0.018538633765133785
0.018322695951469056
0.01919799949649097
0.018160626598803194
0.017478636094364463
0.018236572146935966
0.019044807104976677
0.018834846717310713
0.017827738062443102
0.018263503065289097
0.018652962786158404
0.018033154757554477
0.01698738308986339
0.01778909777208433
0.017703428132372006
0.017151833054729834
0.01859139071442479
0.017636061481357605
0.016919547256646898
0.01820360634240712
0.017126739867617997
0.017065851716950395
0.0165859457438456
0.01688348724492098
0.0179665378654552
0.01756377929581226
0.018260071252063335
0.017009259786561808
0.01713944263658115
0.01788689308791608
0.01728004044264767
0.0174365567328814
0.016471973645563753
0.017019835823266886
0.017724170020914694
0.016622463460186584
0.017156129840096995
0.01791526750748923
0.016275250051130823
0.017412019201977495
0.01739458203644238
0.017692838584318377
0.018426329426716063
0.0186543117247775
0.018104160782507928
0.017276353083718273
0.018025464966481677
0.017327962476244314
0.017743267446493693
0.018867050993166205
0.017736811306461382
0.017088492597336573
0.01887968681662853
0.017088585843203028
0.019078962026328763
0.01804564762624466
0.016786786170490068
0.0164501327729155
0.017143839817798854
0.01650908732858896
0.017312715372484185
0.01781820257350403
0.017222146881561144
0.01683063039785621
0.018269225518321046
0.016807130256316884
0.017594996760416662
0.016655089790273817
0.01681181650949111
