0.23857551610445335
0.2035308902028255
0.1584780963944748
0.12419999237800232
0.09670613190831688
0.0765052900882193
0.06255341129484566
0.05429689152056692
0.045820181507161745
0.03706911912340454
0.03337276717273036
0.02718079614306852
0.024641319017694348
0.02380070293458764
0.023746524273124885
0.021829458800568732
0.022543906503847123
0.020953760454988504
0.021448254558525986
0.020067814131925644
0.02090734434704236
0.021163337827255504
0.021418359993044863
0.01924686818417841
0.021659980148238243
0.021380923540483338
0.020830307578208314
0.019558007626205607
0.01973562321751583
0.019341273190493922
0.019166385735987283
0.02030053999436922
0.020225164007027105
0.01934230918329225
0.01923201900645147
0.020356141349290504
0.020453335915638676
0.019045235703648505
0.02005584081869591
0.020001207367838614
0.018857439376844667
0.019882422199488294
0.01874030068779017
0.019313735197257584
0.019556221100509717
0.018088941487344096
0.01792176307890648
0.018859158493575584
0.01889172255961235
0.019827698214377486
0.01866344869410641
0.018735942641647015
0.017903404720211916
0.018654978306728923
0.017271356986246243
0.01818019947030089
0.01807614150689052
0.018005891015252747
0.017642143149456696
0.018477680101207913
0.01822942266553586
0.01803630906125686
0.01861434921775304
0.017103698670858303
0.01897361224722589
0.01821297129549675
0.0176000668821418
0.018244109930259704
0.01887071120668413
0.017609511812336734
0.017144617941245294
0.01741614385124762
0.01785274262941051
0.01647040811000825
0.016998142708808246
0.018438505335431902
0.017939277443153444
0.01763950124683715
0.01774158635454018
0.01774929300285892
0.01780133131429334
0.01928436426344804
0.01956059180951819
0.018812403000551953
0.017427516557156936
0.016655444187606804
0.017877062811644848
0.017786149218966714
0.01960060130552295
0.01766524686933695
0.01833251638816482
0.018235856631745085
0.017195306208779987
0.01690084790153738
0.017579372671524773
0.017210009303169484
0.018036191568752965
0.01776177142124544
0.018161963740122498
0.018358955703405944
0.017796371892202557
