0.09810835053747125
0.07382159592435616
0.057203225016187825
0.04469461645194201
0.03765777298670203
0.031595050823739354
0.028902058396282775
0.02568867103381298
0.022420681376036096
0.02281802564307632
0.020834570610611898
0.020901496257992647
0.020589708046159397
0.017764861072251073
0.017264723536844866
0.017389776596259593
0.01762405880514413
0.016895077191143207
0.016390693376358657
0.016209775272795025
0.015664459424748162
0.015459394653783912
0.015570949910665913
0.015226477659818926
0.014225526446690314
0.014115911133030375
0.01441824655582558
0.01342839099561406
0.013472128722187138
0.013929857454239818
0.013555007847248005
0.01225083644744982
0.012094949436232995
0.013177538145472753
0.012854621941240908
0.012947304368408139
0.013497300904622703
0.012616661491559222
0.01250185303201483
0.0130458709946324
0.012552692460866488
0.012267536387129538
0.012406721352271919
0.0114803530933662
0.011661536128752056
0.012421524827757892
0.011790841068283143
0.011968886708616346
0.01220489723788522
0.011771350452844866
0.011539713754711627
0.012011428818621925
0.01102260870635785
0.01221758029248082
0.012361543307093818
0.011454291877466962
0.011800270705424595
0.011133445200774668
0.011500496204560397
0.011578161800040128
0.011796886477013073
0.011453288013400696
0.011031204428638445
0.012924597789966862
0.01126516305338636
0.011310901128770525
0.011293006196358979
0.01123333351392852
0.01125267622102037
0.01186114890634436
0.011166442942471695
0.012038041312601524
0.011707027677392703
0.012138278211529045
0.011870626356877826
0.011863780678506877
0.011610471456954364
0.011264674070841961
0.012367146836908522
0.011843850422426024
0.011690018593216943
0.011746550457578874
0.011844948908986479
0.011568089753697051
0.011323233923161058
0.011087997947734254
0.011825979183006156
0.011256928707600145
0.01124675228360403
0.012359114940288742
0.011662694950815122
0.01173318606438937
0.011254962826462963
0.011031480276011493
0.012717224587943533
0.011486234710581203
0.011799055099345769
0.011164108088443798
0.011573941503203908
0.011099052474671496
0.01064868660914937
