0.18366131901683996
0.09646206084669312
0.07410893658829878
0.06490359773431587
0.058190787716274624
0.05837025329943715
0.05551141528476416
0.05647290737789521
0.05461171791786367
0.05018763335332021
0.049769489388546834
0.045885457168305555
0.046909972034483556
0.042767005510879655
0.03967809975713949
0.03931268818397425
0.036169274616123605
0.036953144370859885
0.03232969192847816
0.03130425888034689
0.028342430081368053
0.026368055994865424
0.025943267669950372
0.023529635093623318
0.022894087263729056
0.021839611824448685
0.019277676678683534
0.017676238027546955
0.017410134816343032
0.017258708506364552
0.015303812578595933
0.013911950346265549
0.013558336319252698
0.013327596533349452
0.012752513829029977
0.01130981335252471
0.012104016076435227
0.01073419017484073
0.010071661440653013
0.009455454606326795
0.0093093700800125
0.009088619878208207
0.008048656773560278
0.00767658060277985
0.008582919675036172
0.008326669360695475
0.008097151086213441
0.008200100811365857
0.008098081614966612
0.008187629082140284
0.008104117765176227
0.00728876667131041
0.00794790742269121
0.007542092391350908
0.007557316083744437
0.008078964010591652
0.006916991237701705
0.007615620300223663
0.007818187838779809
0.007093188330002055
0.008115826974354125
0.0075824702426012325
0.007496496960202471
0.007086080989347958
0.007716609033878129
0.0075215432540343295
0.006953292792504897
0.007788347695204623
0.006701803355829215
0.007710337769049031
0.007909624798541182
0.006378210173442854
0.0071737536550216694
0.006911030900333819
0.00665240914787542
0.006984289176411374
0.0068185348601591455
0.006972071244802232
0.007947438443746516
0.007370195703225723
0.006833220897043746
0.007448733494905466
0.00690596599059869
0.006945900326739622
0.006299511199449907
0.007787606359849452
0.006190464133748797
0.007911948954073218
0.007289324986873428
0.00721453246418391
0.006443507723957871
0.007081751939129788
0.006890690248788419
0.007231386140702873
0.007500063307720587
0.007079720301065384
0.0061494895800459914
0.006914381495421332
0.006932227459665195
0.006881447668849071
0.007134459982143199
