0.660023386090364
0.4971182931725837
0.358628719153748
0.2696178140598395
0.19686682109884895
0.15812964162360815
0.1318465265423746
0.1096793106326534
0.10644632334389009
0.10294816976570714
0.1022936765624619
0.10060207221324144
0.09974058216001776
0.10103848568210205
0.09979746473537328
0.0996589969984809
0.100830239290822
0.10035396013458725
0.10216955350874596
0.1010865555875326
0.10096207951962806
0.10242614563506305
0.10326735520863337
0.10064905052002178
0.10198453344376793
0.10244788317410511
0.10081935969457287
0.10018943433933039
0.09996471947289125
0.10018542615620503
0.10194134789218111
0.10036460358423789
0.09900187149749168
0.10164687584990828
0.10241338215808107
0.09960892721847737
0.10109038514316919
0.09698069681534857
0.10229155399780386
0.10144471426329658
0.10247823018446131
0.1014331925785566
0.10130996182530207
0.10033441615756819
0.10173151484525016
0.09953065377405036
0.09910030961678386
0.09990217099061587
0.10202968397297314
0.10261448195116644
0.10137897978316808
0.10137338520412245
0.1013348796231379
0.10335175929551041
0.10054147550529569
0.09945400285143097
0.10302019652054789
0.10135883650435745
0.09991658400508605
0.10044141664085729
0.10176417781058461
0.10242700426729705
0.09935994036425312
0.10169124346134202
0.1015103498671828
0.09872955324061482
0.10258970435339453
0.10044578428913054
0.10084399519478629
0.10127661529223396
0.10234332938613908
0.10346886561242082
0.09996641342117354
0.1001980181566951
0.1028635384624808
0.10181887355146246
0.10029521034978643
0.09897745994918478
0.09921452115954904
0.10050864142506227
0.10240402073951155
0.10235386798482712
0.10222297162985049
0.10072784107102477
0.09817504651141128
0.0991828098471097
0.10084553683721877
0.10240580010342028
0.10332620980180406
0.09822423895442836
0.1011300617437818
0.10204370641799601
0.10031511057981056
0.10150508931100514
0.10106388253610936
0.10063743956297871
0.10159319065661393
0.10287553395101953
0.10047677687828242
0.10204559985334677
0.10132736112434257
