0.06970232479927706
0.05820378936520244
0.05004312861964408
0.04243365574336172
0.03511313031000967
0.031035395474384924
0.02638117721464039
0.022895608389115214
0.01937654018236903
0.018158554616788353
0.016305278333547696
0.014612612978984552
0.014246027957286167
0.012800604163549213
0.012707666878598652
0.01169076417375289
0.011093197195823785
0.010390446564631662
0.010670532218293918
0.010055790968643985
0.009493208168877207
0.009219163373592255
0.00909579204635283
0.008675952054191095
0.008810595875276994
0.008867574518784812
0.008950691389504028
0.008574531332066359
0.008207272064367882
0.007740623726325009
0.007834941748210604
0.008366762914960187
0.008139096968793716
0.008037985785228323
0.007434989167646562
0.007749076579700609
0.007485663445912551
0.007442409375370476
0.007268361353908471
0.0075452679863608155
0.007229191097329228
0.007003809075433919
0.007745353424594852
0.007438477139184506
0.007969982445662395
0.007686361965559566
0.007608792422029624
0.007190838250728283
0.00725202006799892
0.006914728941982522
0.0070132461548132454
0.007265720697464174
0.0075200777016462385
0.007441159988927577
0.0072924862000054306
0.007543414137897085
0.007351363224098677
0.0076411108838640406
0.007418856920972009
0.007141763396563307
0.0074904893581806626
0.007407225660146821
0.007513513778927498
0.007575617001270651
0.007293515495437592
0.007047779425905444
0.006983779592523833
0.006916287634258534
0.0075358892812946165
0.006843564064068608
0.006913773149920809
0.007088789765085994
0.0077152317133009456
0.007360093006567976
0.00731098182318896
0.007516248384081792
0.006817996844427857
0.006694860086716357
0.007466510269274638
0.007038180689188069
0.007296245554671366
0.006933500457260257
0.007098139112148443
0.007578641375447055
0.008045195954267184
0.0073989758608563405
0.007732449675635223
0.007125956659543361
0.006993084701192259
0.007465471949966092
0.008071399430448094
0.007405303351120431
0.007271619950109182
0.007403338170561775
0.007198763309687595
0.0070859546834023904
0.007365824026317584
0.007423082934637785
0.007165189724890882
0.007534411885667734
0.0073940016152238336
