0.48485613556250967
0.21397504047930416
0.09842926974185541
0.07987405137359913
0.07272265150531976
0.06867036633969642
0.06200280180445313
0.05719361037197159
0.050120601081148346
0.047558505925691254
0.04588895182354955
0.04166892120291183
0.039096993158863044
0.03659970769026019
0.03413401274778142
0.032599761678136274
0.03121675896910689
0.028772720454904883
0.026672838991631267
0.025029868477689617
0.02371088664881966
0.024221833635894193
0.022036046104818286
0.019921575066357517
0.01875663107030072
0.01882316712835883
0.017739506515220913
0.017939987206169666
0.017285776375622727
0.01581219334166162
0.01415218187309619
0.015399137584947745
0.014676097128127381
0.013516017716240726
0.013670234186465886
0.014673275692695501
0.012150606980750975
0.01335224625966186
0.012742585591077119
0.012298030290013055
0.01195625396155438
0.01339879658816229
0.011935061520079452
0.011525026953867366
0.011659424975343655
0.012428206276236566
0.011727696030032616
0.01227652673539384
0.011540782609506035
0.010554505066009648
0.01114299911613725
0.011350139845639214
0.011458755026457173
0.01105517757637153
0.01140292879081964
0.011053563141179478
0.01144990688949904
0.011411886565113792
0.011822742761104383
0.011510463172960842
0.010340275659095725
0.010253189536020437
0.01187467435049639
0.012035431399613725
0.011300487245024382
0.010957690711311797
0.011542790737770866
0.011305011745492506
0.011306680975745062
0.010403006636967423
0.01084389759304568
0.010085003114623965
0.011037404839027423
0.011649452804193708
0.010896055199810063
0.010508779450159825
0.009806745291388523
0.01094863887534419
0.010777643782857378
0.0109720052960155
0.010493819945706058
0.01008186386569351
0.011388111777635542
0.011552328410371852
0.010550336942957081
0.011311424078997632
0.010156374602299071
0.011098909314279167
0.010831924977766253
0.011149718297593494
0.009986843455373443
0.010628038743857168
0.011234934750085938
0.011008107869585514
0.010903549928283919
0.011393187760949632
0.011381497653776176
0.011040632202266195
0.010024685870794983
0.010954413818167334
0.01104271696920932
