0.14210876684984755
0.08696447669904558
0.07209373476687148
0.05842940964032128
0.058185173429068586
0.055760395508497825
0.054012257219182166
0.05024759711371644
0.04901534264829856
0.04771779231293759
0.045101142846548994
0.046052007140717284
0.042776144145057725
0.03911386383543895
0.039094848615285074
0.035922822965609454
0.03353608099152588
0.03131687961272608
0.025338520692195058
0.02712053770784843
0.024987508197995317
0.02387946351295286
0.021216907995729863
0.019927963337104313
0.019210142373707443
0.01786325754342631
0.01658235119582461
0.016168164366474544
0.014926872624619145
0.014443456699489973
0.013554619840306318
0.012755596662101536
0.012884916277434417
0.012869770381601982
0.011955517227692758
0.011694869151682687
0.011121657757486558
0.011234689825351484
0.010719200565397151
0.010143004183801051
0.009651286289301413
0.009601463163178812
0.00955470731159187
0.0088155970436146
0.009427872710785502
0.009018061686363404
0.00966714294882646
0.00939520101668537
0.008818424969162617
0.008069444887494925
0.007181962702276307
0.008730669958793699
0.007790031936560794
0.008700820451273664
0.008358018521081333
0.008159123873698148
0.008994157064912186
0.0075764539106543535
0.008466209962610919
0.008729611923736714
0.00728240746081938
0.006934496998800322
0.009204805781651004
0.007650803172392133
0.007289244233874876
0.008145670121174212
0.007544321523245661
0.007218099600150994
0.007732271731661395
0.007739612670945338
0.008465083144846616
0.008028380989404562
0.008762115325581547
0.0077016336042722644
0.008655182014653654
0.007812282337125592
0.008044114688679334
0.008312163460505497
0.007164292579444754
0.008146898277911516
0.008071039245304243
0.008504190656172882
0.00813516313450637
0.007540570985823677
0.007345454047508594
0.007747294356884795
0.008276114219526017
0.008225762534987961
0.007741504154673873
0.007043361713303869
0.007625264825283614
0.007850564018573302
0.007394893944812985
0.00692333363007448
0.006504850592944308
0.007681786545978309
0.007356260443027418
0.008017913996467046
0.007225002529024491
0.00802080975095616
0.0070908458678806555
