0.17104029629341103
0.11386834288192571
0.08880447137312009
0.08207756155552641
0.07649409395359559
0.07222200209442015
0.06717516716164865
0.0620587708904367
0.056901725870053085
0.0506499891758411
0.04511318624768394
0.04197671705636513
0.036834640385790145
0.033554745349423896
0.031173758357619093
0.027241205521624807
0.0250699694778953
0.022821673627762596
0.02090895941539608
0.0182409542346597
0.016620825796287982
0.014544195628722693
0.013234018626976598
0.01171844663099676
0.010778686490147224
0.010111889089589257
0.009456254348579975
0.009167801585376098
0.008712897439045927
0.008591442048511118
0.008142714280175337
0.008152074005894723
0.008042808391148706
0.007622841497481377
0.007839384348323115
0.007214638933494981
0.008049209852997927
0.007311018520334295
0.00747930937996718
0.006767665650733336
0.007111480706533657
0.006731143317447397
0.007091323209065339
0.006407262752326919
0.006961544939135813
0.007634854244370472
0.006637926746336218
0.006883486072994129
0.006240671848727334
0.006219664245266796
0.006815751695439605
0.006501513016258502
0.006861396820844623
0.006484846402493231
0.006650200522425063
0.0060059829604738645
0.005860706574472691
0.006533354523664014
0.0061546168682713575
0.005699929570819188
0.006308149324613293
0.006131862818095684
0.006413976418667699
0.005383350769766299
0.005621251213907309
0.005447516375365905
0.006483827921332539
0.006411263881625123
0.0060271424896259475
0.006549206942703339
0.006209360946771232
0.00616747045315398
0.005870384261877264
0.0057094426463927105
0.005694143043749132
0.005701387211563196
0.0058076555680188135
0.005807434270790742
0.005693743868326894
0.006071476973599662
0.006357870330100278
0.005433909320028251
0.00569675805923052
0.005599161003452298
0.005950342346606512
0.005651272619876276
0.0057873399759372675
0.005990963693584724
0.005263511032686259
0.005795699655687819
0.0060540194953320765
0.006027649275422834
0.005343919278583309
0.005448058981428404
0.005760494730653546
0.0057035615835249924
0.0059556605731661385
0.005342440761142233
0.006145283524537383
0.006311511743790923
0.006157966455980461
