0.8997984476893021
0.596507449465705
0.3535917747010415
0.19683225821549113
0.12075613368583726
0.10151593337526742
0.09464355035901019
0.0887242740112212
0.08332949106504241
0.07664749703641113
0.07260623696611422
0.06574051598159279
0.06109025769437692
0.05510425775682876
0.05147954422931526
0.04494024755627939
0.04378078096982311
0.03742193325023475
0.03421091558766979
0.030248011016413036
0.027427605880909076
0.024426837237558542
0.02167098467515916
0.020034073010765093
0.01896950608634154
0.015910707777067105
0.015330965129993398
0.014625714686981903
0.012858148405417599
0.012709280702750106
0.01124393791176651
0.010864311306836825
0.010347887318303713
0.009942803250556506
0.009310007913084175
0.008578998667576452
0.008101469143786042
0.007105216878857107
0.007634123229362837
0.007624882623703317
0.007448393744674393
0.007581849047139872
0.006611863324887522
0.0069867911613977806
0.0070465955240832535
0.00707961235891257
0.007015512856454285
0.006490155304538079
0.00618799921003499
0.0055539898476841525
0.006175893922136675
0.0063300208112112896
0.005782130438864048
0.005637412154318426
0.00574587643978668
0.006231304522562098
0.005141342761116591
0.005824381255068357
0.005952212696693581
0.006329787871394409
0.005908563545175793
0.005400677758122096
0.005450596584133539
0.006031312212796902
0.005783995568027355
0.005425260169652067
0.005436370818947358
0.005855197033604594
0.0055236530657479695
0.0059833660053678845
0.005706401381247677
0.005304317452025583
0.005365929048471812
0.005284441813939207
0.005589476104216971
0.0056951255530272695
0.005049986055831139
0.0053237967152113775
0.0051092825600818955
0.005190979549558343
0.004281924573978768
0.005509412593044164
0.005258472358296091
0.0055715781838960796
0.005186418588521473
0.005190017087129283
0.005220365276170556
0.005668264190388123
0.005221919465090974
0.004567938150436161
0.0052532885733029035
0.005079263721897923
0.004933442046592919
0.005718123237469719
0.005284850959658326
0.0051597072418119744
0.005240970358003859
0.004871792852989234
0.005482209992871227
0.005013453672026058
0.005924367005448252
