0.1263941926571865
0.08142162366129693
0.06607436856096
0.05927273938772927
0.05238496616270855
0.044857813715521166
0.03937783555798105
0.03572534091467509
0.03098159303314577
0.02813957964210843
0.025427624128261137
0.02344982233383581
0.02025072359821831
0.01929420340398648
0.017702035636485185
0.017985618915678504
0.016744779141892693
0.015823114202696636
0.015303168183495218
0.014942638200992467
0.014047053703280363
0.014296974351237439
0.01318499849422645
0.013305807360812624
0.01273614330666
0.01221948157116515
0.012249009204622508
0.011752968031484323
0.011632501260339932
0.011685500781520721
0.011715506110473072
0.01174929760955824
0.01134067622922734
0.011421684949583325
0.011527841780496968
0.011243079115677356
0.011411934455773487
0.010893173730642287
0.011201032920471983
0.011223828984130622
0.011339926414885085
0.011732091555501053
0.010847023615694215
0.011118506411063586
0.011653704272222261
0.011245228006423946
0.011291204989641082
0.01154363602175842
0.0115930084757059
0.011273627334814488
0.010585291063701355
0.011117910963450751
0.011457884313058577
0.01154967230745395
0.010976248865400171
0.010689074826879462
0.010861427641833569
0.011487153477658916
0.010455388775559463
0.01083569069514649
0.010812426605727272
0.010961355811040028
0.01109775611581227
0.010990242345514841
0.011318856839064575
0.01118352808950053
0.010778188967309534
0.011495309770628355
0.01165646533546842
0.010773399057680764
0.010984387184848596
0.01105924951190073
0.011198189026745062
0.010759358261393582
0.011282140933397635
0.010814157596858035
0.011094015074186477
0.011124891711053717
0.0107542545054631
0.010431116354708371
0.010975699121907937
0.011712627001194752
0.011132031173903035
0.011296222601352525
0.010687147563094326
0.010523934775587053
0.010727819049349465
0.010565623571983332
0.010994355327357095
0.011678582746217601
0.010973161619899884
0.011205774874622742
0.011501756557730588
0.01072833405293145
0.011425556162843634
0.011076473860458572
0.010718874222666082
0.01139971162228928
0.010676913212187656
0.010764799250212755
0.01089927682860484
