0.10425946377611248
0.08933297379080607
0.0815915182193928
0.07664248956824125
0.07039878218664133
0.06353310928268563
0.05559751245991223
0.04850419047502389
0.042835786157000275
0.03649894480424544
0.032282675237950094
0.030325271697279468
0.028389755149647422
0.025192095157920924
0.023979612614565615
0.023423552752342813
0.020885240372631182
0.019908092544935745
0.019472316737049713
0.019352001264795565
0.019217066175335043
0.018027919759882164
0.017721633815024358
0.016802641454981105
0.016775682144664437
0.01683907590517428
0.01590148696773346
0.016169171949510074
0.016002055021125863
0.015015041525146076
0.016099730631352168
0.015488533935647447
0.015235457595391222
0.014686517503921949
0.01581424537890046
0.014564607863710078
0.014085799932604144
0.015181636127193355
0.014809646087239019
0.015152660437509815
0.01442071350703482
0.015134133433296866
0.014187376324823834
0.014901114201021016
0.014510513563060367
0.014671204368135786
0.01483572576905751
0.014620819113744922
0.014639946158766308
0.014559176244650448
0.015063730445844647
