0.38441679300832127
0.16869785777234314
0.09241717185826788
0.06943670676228077
0.06404331570160343
0.056414678945459464
0.05217942147461952
0.04602858576395296
0.040742205680453565
0.04009598229126202
0.03783492654805035
0.03352128642388662
0.03213261681116281
0.03105020394178992
0.029159257502159867
0.027962990034906144
0.02562656975635789
0.024752134141008995
0.022864249097887344
0.02318329558229966
0.020204906476822302
0.020548763185164295
0.019241217652127305
0.019280236085934075
0.018093112146845104
0.01721968689955237
0.017754078906405703
0.015518982718520188
0.015441286737015626
0.015109394133115298
0.015091361115533487
0.013596485464122367
0.014255409708891453
0.014401152613508997
0.01262239654872193
0.01246692477583926
0.013226272364619618
0.013788259062619202
0.011934541973704034
0.012139380724226545
0.011000730016234838
0.010709982809352578
0.010089071025691516
0.0102139550256212
0.010612316163569861
0.010976378328520652
0.01064474743651482
0.010598444725204858
0.009903120517776467
0.00976350695525815
0.009857277874191427
0.00980141560938084
0.010451046908885356
0.008936653056513193
0.009149251814295645
0.010696624330847377
0.008080479511480347
0.009072279028836564
0.008710516876450832
0.008907088830905638
0.008982256292726766
0.009246276252488627
0.008075011421233859
0.007902209327885365
0.008096876456374778
0.007420413170480784
0.008871901540609038
0.008995442044008227
0.008702116258036572
0.008044446909820875
0.008909595411364034
0.007176738266820952
0.008469318593209004
0.007827338234504825
0.008282556020074026
0.009278180335148767
0.008007043436513284
0.007885297723574035
0.008763541644154072
0.008620344456834657
0.007618527137516424
0.007414077060468978
0.008571956422481316
0.009727984420675125
0.007873273982504782
0.007863966072651421
0.007923629367831494
0.0071843083154969015
0.007610761761066071
0.0074911820670993945
0.007830040998401823
0.009607790099674038
0.009105955981221483
0.008588862234769122
0.008161953823604608
0.008588553520796698
0.008825813426791541
0.007920855108192595
0.00772296617772037
0.007992032968523114
0.008597790248742016
