0.5804097631546334
0.4943709202543207
0.4105907787078899
0.316619797324724
0.2413946832055841
0.17270334411005397
0.12619539939802382
0.08651845542123128
0.06116199308483289
0.04745837059249172
0.03832474403079934
0.031781184527859614
0.028581290801932606
0.025787876471925136
0.022806420750175343
0.02120181285431342
0.02019580828922063
0.019503285864327275
0.019215513814640275
0.019035141672516083
0.017876993646351483
0.01864504516439267
0.017663420646104103
0.017417732715509147
0.016743450438404972
0.016490293752106883
0.01629857566233672
0.017042378055087966
0.016590503859415764
0.016757734663063746
0.01682786657684182
0.016508085076312733
0.01623923012843008
0.0159229766120844
0.016828244279480382
0.01625935489445933
0.015477155522465702
0.017617245491749926
0.016348119521460643
0.016452820207106228
0.01574431628097918
0.015356814069166558
0.01558035386662522
0.01608381328198265
0.015507693129384813
0.016123403697769618
0.01621187045933292
0.015358523789262125
0.016033383238508423
0.01615764678739284
0.016093688841617826
0.016179343836912972
0.01620196823691214
0.016124703109388072
0.015387842087782166
0.015777267876989517
0.016297510134683595
0.015471851886707022
0.015655012618137013
0.015173466703845777
0.015929601680457133
0.01581811503903055
0.015112165440625144
0.01612928045639515
0.016073062781497283
0.01622253975191909
0.016192493915570528
0.016120263121231857
0.015605217617202396
0.01526660204808867
0.016808533032349988
0.015768623316430842
0.015495484140223456
0.0152695162842909
0.016164633552964682
0.01661919342495155
0.01572199618929167
0.015659860702325848
0.015876196278106536
0.015273948359591408
0.015469999666740841
0.01605652108950209
0.01610126466197155
0.014999498163072065
0.014928516789916565
0.016076302976477115
0.015936046024025423
0.016017669228471847
0.01581279691704754
0.015537346700793965
0.016001136115985005
0.01565330669827839
0.01588893060513461
0.014719055966332753
0.015233251676779936
0.016042039443083092
0.01547436434071553
0.016554548158781487
0.015252294916912228
0.015990482404914127
0.016146020935676273
