0.5070322493817131
0.33685186757328967
0.23395571356016967
0.17522385453604986
0.14189920592166674
0.1272150233463197
0.11698668400843096
0.10624583659645877
0.10057700231661419
0.08942574931946774
0.08170300897792389
0.0751108150450891
0.06833750990100708
0.05999617836130227
0.05245652266045632
0.044728132189831876
0.03785235544765957
0.03257238186087733
0.028128351066586902
0.023540485279309544
0.020569329960426437
0.01900795401316129
0.018474656220491853
0.017245230064213725
0.016380107253180527
0.016419794476510763
0.01680346190174253
0.015728634599014493
0.017207421983300414
0.016409678321049673
0.01627451446427481
0.0163002713511252
0.016275685093419975
0.01619688302901296
0.01628968854872287
0.017165295924377624
0.01655262628936355
0.01614719059785841
0.016689357038918613
0.016504991127627596
0.016672299176576914
0.01583469260353602
0.016002146290058646
0.016150869784954787
0.01677957627782922
0.01650295313716155
0.01587910235987305
0.016554464315903215
0.017069940220379935
0.015812418618815532
0.017037921909518597
0.016999345821813297
0.016030982968455367
0.016232549399501563
0.01608465748999693
0.016698948342899804
0.01611842865636787
0.01574705677474723
0.01653715215777213
0.015880175046063767
0.01559400068594906
0.016479437319460995
0.016681633681095712
0.01666004001944122
0.015698647142812102
0.016239000964492243
0.016033049604973273
0.01591224409822531
0.015836025784420227
0.016748273297000654
0.016187332972055487
0.01574163357532649
0.01599781179376407
0.01652784869373272
0.016610538122087907
0.017113589756257704
0.01645842747490937
0.015819248510941904
0.016494846145032178
0.016570801009765906
0.016103639725259657
0.016018375891858724
0.016155284106675383
0.016090475169647685
0.01544473874758351
0.016532761216973346
0.01697579327267759
0.01634692842046686
0.017350079210539104
0.01723311639945986
0.01710049294248413
0.016745335578356176
0.015366803244383024
0.015850551941730982
0.01697929894325835
0.016383602427915686
0.016302295405984487
0.017284936109666922
0.015330490447061959
0.015901625803552838
0.0165801701146237
