0.11071573768591726
0.06632306631122271
0.051562616615124963
0.043268386247129954
0.03843084044651603
0.0349624163587768
0.02971382116535142
0.02649088541356171
0.023610011076990595
0.02078557431839812
0.017913396439065515
0.015380512439640916
0.01363441319811662
0.011941126376335966
0.011141089693798052
0.009920581437048534
0.0098636263123272
0.008942285864820126
0.008785204577194864
0.007666788825873046
0.00774457185617135
0.00692735762784687
0.007223381993150901
0.007348024565501651
0.006652523284691499
0.006449773047324795
0.006282594377430433
0.005841698450393384
0.005888110383053769
0.006031706860096606
0.005978982900189543
0.005881413268690002
0.005479366050822856
0.005671390793102082
0.005120404941200775
0.006088300032453881
0.005674757466165589
0.005110064842424784
0.004996371054621305
0.0046909829756655716
0.005549680420502444
0.004484305564788391
0.004857019900505833
0.004501714930790753
0.004535676418276515
0.004172828223097365
0.004290760750954254
0.00462705398279256
0.005012667436637313
0.004341831877799532
0.004477892885571314
0.004444429560951975
0.004248105717838444
0.004521747799510613
0.004507389945408894
0.004559763396147345
0.004294567612324266
0.003701314464691849
0.00434631564953979
0.004817402698924023
0.00425623547159644
0.00504346810178295
0.004118991589968635
0.004344625817546464
0.005060258713218324
0.003982671304072901
0.00450293276449245
0.004115274016434073
0.0044262382932396226
0.004491053163901584
0.004483660653584869
0.004497703085442588
0.004413193720439458
0.004149541286982964
0.0043793025180360766
0.004665132873044527
0.005176623221531899
0.004500984523144468
0.004348271614154554
0.004519995131261383
0.0042282439549544346
0.0038336231068206873
0.0042442216414329765
0.0043699902033447246
0.004303750249198248
0.004242414523063529
0.004081932266845022
0.004011957214101253
0.004452822475948856
0.004145807224986039
0.004120818049907515
0.004052111664608014
0.004388658173230988
0.004076841649478983
0.004045195849200023
0.004751185892764742
0.004612055361426213
0.004510711555896782
0.004077919037526373
0.004480043496958478
0.0049441520517393995
