0.7697896813716477
0.5868060648092249
0.44188794720330066
0.33349730102285313
0.24324481847256074
0.19423988635242073
0.16093367095471434
0.1368401432297812
0.12058967059275784
0.11539750948908364
0.10770548885198893
0.09941818396933107
0.09626140375705268
0.08872199680592996
0.08509219124245418
0.08033513310012859
0.07529337928553377
0.07025303627182189
0.06504667330782812
0.06191684620155535
0.05731559310350317
0.053115775189358325
0.04922865000909394
0.045767010086754316
0.04187530881739372
0.03873836383417704
0.03538304174421049
0.03232944244551704
0.03003266196758774
0.0282455106926293
0.026548525508988403
0.024959876505813054
0.02551456199685114
0.024703959205162197
0.02429764480161018
0.024101077370035542
0.024088245936080825
0.024225166643343118
0.02407719434080608
0.024050181595583933
0.024332271710729807
0.023770401995938235
0.023240689690551455
0.02432600971563062
0.023532205874051634
0.02353095006335943
0.02407847894798129
0.023144078815564025
0.02382279219779302
0.023823791956672072
0.02444915218887079
0.023968673672148614
0.023923164961003676
0.02363354329246484
0.023308444199729345
0.024628431425494084
0.02413742856736781
0.02335082095548593
0.02431190509795152
0.02419667993525156
0.024232877225198787
0.02435452850225186
0.024074014044020927
0.024181388981029686
0.024305542443516927
0.025109453479719372
0.02375853746166929
0.023328732042601847
0.024331442917534685
0.02403727775921313
0.023757756260318372
0.02396805912342927
0.024719032309219457
0.023681761918843622
0.023876358050854255
0.023220100486942567
0.024211799755890422
0.023323025083447097
0.024174803831424292
0.02461382168053446
0.022824963765596833
0.02359232834115042
0.0236472120799702
0.024163562027871628
0.02428776415030663
0.02335413098957671
0.023982093841100643
0.024319154854601725
0.02382817638565375
0.024528081328747637
0.024157387238680012
0.024190890918190582
0.02289261037872456
0.0241281886155508
0.02355292345957718
0.02494683553690084
0.024379818053767238
0.024176062340524242
0.024018472391797354
0.02345940155751209
0.023518590151606625
