0.253774276456055
0.19537217463971146
0.1576093284532783
0.12603292888498208
0.1025739845876652
0.0863445874584721
0.06660849028518025
0.05586271604819375
0.04475466220242146
0.03709516291061749
0.030612396360414882
0.026245606816678268
0.02192421428192799
0.019379402041691727
0.016918181658975708
0.01581821432835253
0.015498548893376056
0.014637563698955726
0.014959062157886413
0.015100852397814722
0.014842814595843891
0.014265216888525997
0.014159538092070755
0.014822867303718519
0.014419509812348207
0.014203327813506153
0.014612493752226143
0.014146301063259951
0.013784252340287703
0.015290904282502885
0.014081460272133459
0.014888508632488914
0.013727633688902154
0.01431021321281217
0.014792849425104506
0.014257136147122729
0.014781764751494605
0.015775556649169048
0.015139705843058564
0.014516502140153055
0.014414059153931383
0.014109068675386758
0.013807127711378828
0.013935961810049323
0.013771646507167858
0.01438482749959071
0.015554310951655204
0.01469111458409569
0.014570229427785778
0.014377272926893907
0.014173184617364672
0.014324419585700831
0.014077836903410516
0.014309457804712726
0.014322749673167576
0.015328812173206767
0.015195036437860339
0.01392992643376216
0.014120842985683826
0.014772085805232819
0.014004126008103938
0.014042970690301478
0.01404521261623934
0.013921038617659153
0.01514883211845998
0.01455792847955137
0.013769569814269463
0.014510716327236122
0.01421817979789409
0.013850332067312843
0.01411401587199779
0.014138142619618481
0.015298313188236547
0.013644252834273455
0.013747396513222753
0.015408568097285096
0.015613848931957997
0.01420012034318355
0.013404739117383373
0.013710889092972666
0.01447143140783608
0.013765369002127607
0.01422523472980862
0.013991040157491674
0.013895786004614594
0.01545495938619783
0.014247373304672491
0.015125043394485291
0.01458601447485467
0.013725809602549854
0.01453367462089102
0.014522489753218293
0.014439786058854678
0.014417042026099112
0.013427787196899625
0.015090501519456904
0.014364335981736769
0.014033196232642185
0.013897127284827683
0.015083991474377818
0.01425555565692165
