0.17777144499808753
0.10884206462241948
0.09635799267321785
0.08729555557070162
0.07731487938414715
0.06647414979252146
0.05571359396800817
0.04726497479928104
0.04020032282487913
0.035422761466318474
0.031153757928447632
0.02637977872815249
0.0231867292764247
0.01973992847811442
0.017335915637041927
0.01485965173074373
0.012985883909203716
0.011626296505454608
0.010202476430691313
0.009361121338843433
0.008337991299956552
0.007597183692657648
0.007899277552735541
0.007570068821585568
0.006850292305662922
0.006367497485932064
0.006426843054280721
0.005761249110874606
0.005882736600574438
0.005784142295071003
0.005091153706910459
0.005199813526633517
0.005150074285562851
0.0051975775333897925
0.004787745845233418
0.00451493108426555
0.004661273925079637
0.004171848336589876
0.00481078498730721
0.004454101319070358
0.0039972810427507674
0.0045258856469029335
0.003938332627521367
0.003942637952704482
0.004679555590394432
0.004001981296343361
0.0037627869072073207
0.0038178692173485244
0.003946573978199971
0.003558774034320093
0.0035320449580161536
