0.17077390800482192
0.11097238981646164
0.09607319313266593
0.08890173222264876
0.08266239510390887
0.07384558452011
0.0664307661281566
0.05531890954525776
0.04774899246652339
0.03928094079086025
0.03445371625065538
0.030762856738319515
0.027758888003752282
0.02325746901146843
0.021763502491486335
0.0189990926303755
0.017141177870619
0.017324574219365937
0.014839804701482086
0.015573684194639262
0.01518177960938641
0.014782525275431793
0.014116355215775742
0.014571652647748894
0.013589867863289598
0.014266281709604508
0.013644276976637783
0.012792613700797914
0.01292217746164767
0.01208379041278365
0.012107307352737073
0.01314302274443827
0.012736247531931087
0.011020458202488821
0.012068136469780935
0.012245210609841043
0.01198348838420085
0.011827507277198532
0.010358675202750382
0.01053559320040346
0.010828897495148359
0.011565461858868965
0.011761456535590128
0.010588766362264768
0.011178435887548166
0.010791942511454473
0.010601118434766924
0.01018498695620772
0.010894847334483485
0.011262117442128768
0.01043085750602748
0.011058560534394943
0.00977552476953983
0.011278728364329948
0.010855624125676254
0.009313339753115388
0.009526653207322922
0.01088931792577313
0.010128080859188936
0.01012166781912999
0.010741219179110355
0.009312538085319273
0.01124564211470423
0.010246306840284793
0.010530986460673313
0.010323533047751354
0.009889998761755982
0.009722089621559557
0.010426843951767498
0.010652059302031136
0.009066489519996822
0.0116856150276645
0.01242579927947457
0.01098705435348231
0.01045926402046297
0.008948065129309011
0.011058391893252285
0.010914551676660587
0.010950370684228683
0.011204973030418182
0.010246607573466704
0.009914888450448649
0.009231224509079079
0.009514716530930908
0.010658489966417481
0.01083831823831124
0.00984261326060262
0.010552010236314897
0.010423699272666018
0.010657561017582917
0.01008204659304329
0.010599757114428432
0.010743549162003792
0.009891486923858106
0.009349650964214116
0.010290130467146748
0.010092348375428953
0.010558237580863597
0.009520792540810062
0.010744793203932703
0.010917324692996395
