0.10153880645479914
0.10084449364001297
0.10022361900133127
0.09951840925660423
0.10256735880440024
0.0982205280925606
0.10026920552999437
0.09961251411234479
0.09867714318614204
0.10217114774304986
0.09795622873597257
0.10086840747278752
0.0996603875837071
0.09886921545387028
0.10164314594483094
0.10100831113367184
0.09893161251402534
0.09989615549202545
0.10175298196798098
0.10082150310748841
0.100085972222347
0.10087382977514867
0.09921254445296553
0.10096849005229452
0.10141518528692126
0.10003079988838742
0.0982750394530689
0.10020888784801091
0.10130306820181621
0.09973867751398571
0.10191129524084074
0.1010347308796243
0.0985818754773533
0.10101292553799805
0.10095113661399199
0.10161365798840086
0.09956659274676392
0.10134159805479799
0.09923353636379627
0.09947736226035822
0.10112558654319861
0.0986123099296283
0.09861840805572265
0.10133994783985374
0.10046848326912111
0.10197634347828531
0.0992451895810569
0.0994400947099426
0.10196823707966785
0.09898523580079042
0.10021261749807332
0.10092028570483473
0.10042381170519367
0.10182511780292253
0.10008264821675021
0.09842606413020769
0.09873697923093333
0.09778010251566917
0.10096239630783904
0.10080690737303834
0.09894121326496395
0.10107567828480707
0.10151180137275319
0.09829328018723878
0.10043609339878941
0.10187897674514058
0.101350660703283
0.10132362762629181
0.09963404888681958
0.10017171647354617
0.10101830820237295
0.10278817299541733
0.10085218620551276
0.10185945140879908
0.1031141106010522
0.0987721527102335
0.10008421921006967
0.10051588194209794
0.10191585574452963
0.10023177149112783
0.1012525251001161
0.10140967072861985
0.10076391920005517
0.10104940247998621
0.09821001907100203
0.10172147581524378
0.1001316178246111
0.10009572842481003
0.09846690502412594
0.10108913605432922
0.09983377781747198
0.1002632379004428
0.09854210273650785
0.09969002602891373
0.10348813322315743
0.10045554771383373
0.09989521010497678
0.10223258112379709
0.10102068980644445
0.10139350336755622
0.10041499646885534
