0.12835385540411573
0.11811079452187083
0.11212537530849975
0.10347865807389654
0.09837093578052351
0.0913835456849535
0.08501944589590921
0.07781882876255553
0.0737968776416604
0.06688202051247767
0.06245881254587661
0.05749722397535263
0.05274857779311342
0.04727132779822884
0.04263677575884676
0.03760987138567732
0.033518214962430896
0.029263834222617184
0.02607999430503711
0.023615524134871786
0.021906284425753132
0.021122076290794566
0.02028701902560243
0.019552318657548983
0.019152499682052713
0.018809663344928056
0.018724515409991458
0.0192797957764397
0.01882782228454183
0.01875886739630803
0.01852582319496949
0.01902700805348508
0.01842702465285418
0.018395146331899405
0.01869034617819625
0.018276723683696344
0.017862900519599517
0.01813884642147788
0.01745746045938717
0.017750468532140136
0.017940380793189898
0.01754698905668789
0.017517844075553936
0.0177656698125931
0.017994500190005817
0.017818988490046737
0.0176191401060249
0.01755700537227896
0.01733214900994595
0.017949262537209663
0.017505442536969448
0.017915312406805106
0.017914841467597736
0.017633801030749803
0.017592851512897585
0.017849257788911485
0.01731119261091666
0.0179499105521274
0.01732722328116765
0.017919156113146064
0.017938393488612453
0.017510955051563044
0.017079250081357026
0.01772696484341268
0.017439113040514945
0.018026649167604054
0.017644334766212095
0.017518223729222723
0.018137495430438026
0.01771779864372842
0.01753073244340162
0.018051503824861828
0.017897727628808497
0.017873858798490034
0.01729504081132119
0.016991803165805296
0.01821518923182999
0.017557381770885394
0.01742058167806148
0.017876302084266542
0.017843637198560112
0.017917341391466574
0.017404809449933226
0.017167013934170916
0.017733114351740572
0.016624710555051263
0.017562046140817196
0.018290317650581093
0.017700101498303873
0.01839601520952552
0.01729014943603006
0.017699956272505046
0.01750688558526882
0.01753053450378904
0.018065996559745483
0.017710295289324475
0.017850950773182297
0.017876381950730286
0.018228286596043284
0.01742925050087389
0.01815425895331589
