0.2075882128112524
0.10637662995409841
0.09012543326659435
0.079185811201883
0.07407163319844681
0.0665638280957835
0.060220828829431215
0.052785812532077925
0.045835917303313746
0.03954621061546675
0.036015602958626346
0.031224903453693657
0.027672738707914736
0.02489609595132846
0.02116728743190407
0.019500203975083223
0.0181133593925448
0.01644999134970075
0.014378320780473757
0.013573984691390225
0.012464213247611208
0.010940284254457866
0.011295074617170468
0.00978290542910962
0.009296312839844292
0.008631105448030092
0.008693723527217243
0.007832293406189265
0.007544652086367348
0.007422857325013722
0.006414900580488158
0.0066502797074227404
0.006338846015207237
0.00600185439322286
0.006399120934631459
0.005771986286113791
0.005662953882565658
0.005561654960637314
0.005165626369351356
0.005325009290033531
0.0050955951015503
0.004868699750229175
0.004359948464441728
0.005065332189754849
0.004688284454049448
0.0049014243562197695
0.005017815899970735
0.004250528087524252
0.004848345414774823
0.004560870928312887
0.004459517548010556
0.004686169648660027
0.004574977615139496
0.004347471732599201
0.004712059669342901
0.004181433217795867
0.00441451375496267
0.003904931634476127
0.004128145577692843
0.004288328456306703
0.003863649343924969
0.0041283104108767454
0.0035601294851298365
0.004177341207818839
0.004405513095024857
0.003915339088877524
0.0045114409895031975
0.0037549033470089042
0.004066109262993724
0.003996469240663924
0.004222836724105578
0.0038292597046344023
0.004068712778173748
0.0041825751019949255
0.003872327603906573
0.003843296258395118
0.003923062242655143
0.004544312560235892
0.004174590144989471
0.004280263882066831
0.004290900945122683
0.003914079555250525
0.004022977198716438
0.0037214859555080443
0.004448064513993514
0.004121982802123335
0.004162245720746037
0.004382390115747076
0.00395457858354608
0.004457554543890961
0.0037861140441512622
0.004197767721945413
0.004074261565822943
0.004311640354355939
0.003784354422888775
0.003643833346092692
0.003934722732611324
0.003910834451916249
0.0034221812248311887
0.004247503255799686
0.0038939244350420263
