0.07469769318536597
0.06754123199955521
0.05792338677448733
0.05011451736705014
0.04215243371869127
0.037496238917938775
0.0333653166419628
0.030420696054854247
0.02843934808607311
0.027949984388838906
0.027759975294800853
0.02743786523689136
0.02679617000303067
0.026711285732676525
0.02681283524805673
0.025829571345883838
0.026148986010867077
0.025919640167559908
0.025750614387049547
0.027446073962462004
0.02636944366982295
0.025930353725905127
0.02555720420148113
0.026351999513103817
0.026351683668217947
0.02659724987910603
0.026694127547396095
0.027191528273439212
0.025478034846105564
0.02685061747091435
0.027085426655129266
0.026289499864417903
0.02638855124659316
0.026539791116760615
0.025624823635375233
0.026814909901910912
0.02638681880844687
0.025824630390510365
0.026479515473514122
0.025967245773850543
0.027061512587786087
0.026836367164498602
0.02680005567456637
0.025964539469753953
0.02625463536155704
0.026396113138581125
0.026036028178316545
0.026720340421434292
0.026618146851677457
0.026915145768937495
0.026796337203422282
