0.1571760899245726
0.07891269229653634
0.061849941094999604
0.05486150390086087
0.045803755189416984
0.04853395687830825
0.04528683132921982
0.03974579698697749
0.03601405100790788
0.0334395234158409
0.028846632252242203
0.025902181501170476
0.024266145592302116
0.020861856855079925
0.019585247115318286
0.018335540795356615
0.01705462051550594
0.01644610233225158
0.01485370877706622
0.01507018664350227
0.0143983025035071
0.013584267839069174
0.01376813503355551
0.012418662807762737
0.0133541533106933
0.01153932105825817
0.011465341744550885
0.013367759533587629
0.012117852004411974
0.010323614982728256
0.011525971861504095
0.011459383512894184
0.010378300277079556
0.011559769805672993
0.011027288668610899
0.010525752754091426
0.010704885942733399
0.01056103368567696
0.009832903740188643
0.01076442651345726
0.009452774391856609
0.010124892918346291
0.010603464693453912
0.010100722595871551
0.010472688493370751
0.010809159949045124
0.009651266773596248
0.00931505249949166
0.010585311956194943
0.010259972630814185
0.009799259877369291
0.00957686887132988
0.01033351202531868
0.010685901363870277
0.00985532173575512
0.009305931355380213
0.009992477848818073
0.009902209467238474
0.010389485538631336
0.010241814980538761
0.0104882403300156
0.009053980668085472
0.009631064779777702
0.009800775886011174
0.008905747508932567
0.009884625871878692
0.009682305593499429
0.009593114666289293
0.009672036654689997
0.009118488719277937
0.009061186828234516
0.008129966932981118
0.009951381944970616
0.009828484880818831
0.010640030546786076
0.009207946380347257
0.010193990376570362
0.009569934614368607
0.01002292528689117
0.010684621361143707
0.009895337232453326
0.010510592549822513
0.010366017145817955
0.008922447019998173
0.010249986613820365
0.010745187788180496
0.010143127317543061
0.008958685548290931
0.008823050232395296
0.009984609264551539
0.009109999371524895
0.010384041453974388
0.009388181419873997
0.009560973386274221
0.009541124776031813
0.009946012269703671
0.009077624765845147
0.00993877791753289
0.009903821935050558
0.008842972194555135
0.010518155485677586
