0.5601916115985324
0.3065266920592705
0.16453167038321817
0.11131113957069631
0.09321473768184896
0.08183537136777895
0.07035571117894293
0.061428893677555475
0.05385595412386834
0.047755085387697786
0.04320215494734717
0.03840749185206867
0.034079741513526676
0.03251691440505979
0.02840971326872446
0.027720044791650175
0.02507027076246919
0.022732599723020004
0.02137194024495921
0.020896678062788162
0.019578710752094382
0.018902094762614504
0.01793090557076686
0.016939942097317633
0.01735218727672418
0.017629310154824815
0.015354516121761738
0.01654052584316084
0.015248178396986781
0.015107304549626497
0.015560841769205582
0.014680262428853131
0.015053350638321332
0.014465254057810772
0.014389122408419686
0.014322316225555722
0.014409861448449201
0.014180000528640335
0.014405704315856815
0.014301241059199497
0.014221192984148156
0.013092708277739559
0.012925415285113514
0.013864213052623253
0.013695202614978075
0.013286190189184954
0.013644784739328113
0.014307557811181395
0.012861814387085292
0.014176716813589231
0.013282698417083046
0.013207776223680431
0.013805690262390362
0.013517391638002677
0.014762513998460382
0.012635596345982138
0.012370180946399053
0.013628757871552752
0.013370313569352744
0.012622460244555453
0.01314865786121961
0.012750428042436679
0.01277195751970912
0.0130705356822726
0.012991212361041655
0.01309282384239319
0.013034516640110015
0.012418381552421042
0.011784604116263434
0.014767934916143165
0.013269277428203084
0.014016542066717241
0.012318663010473463
0.014166253258401873
0.01254780936838924
0.01185607575279324
0.0121098531834366
0.012557472371255308
0.012797128321857136
0.013152569979657927
0.012735746166216633
0.014353759142866917
0.014017779253211403
0.012693713294801422
0.013025693100909019
0.013844454748317815
0.013372422423172823
0.012290012053811947
0.012300852685766835
0.012539686139340344
0.012887877417712542
0.012038806678881263
0.013311763486308916
0.013300705871188758
0.012303079393140813
0.012780823373958238
0.013231041883541829
0.012527681318520405
0.013323990938365084
0.013226926233374877
0.012186268780233345
