0.11800622852626112
0.09618236525002422
0.08538098796101161
0.0743283602255317
0.06379710811873318
0.05585778634324645
0.04925787482482947
0.04293420327573548
0.03931207287294578
0.03599044005667879
0.032964866266875795
0.030176518360889422
0.02850024708050152
0.02659511720129281
0.025389911976838472
0.023212594398159238
0.0233904887883495
0.022298195681618685
0.022153587713018764
0.020242226953584325
0.019610548576123703
0.01907215330168371
0.018438250058424494
0.0189482529487525
0.01800887719432937
0.018445843428741553
0.016975312870162653
0.01777470816990066
0.01673169739210857
0.017703793825642508
0.017367947559580266
0.01684638483323541
0.017473904748622846
0.016375224124598322
0.017154312055897857
0.016769125583067104
0.01769548038180829
0.01749381030360488
0.017070553426245416
0.01625031616533468
0.017338374263777174
0.017078278876250613
0.01697703143437526
0.01735506160850142
0.01712068613481818
0.0166527430133235
0.016831426259929744
0.016717294304124563
0.01660944036952788
0.017047333586929548
0.017169218485099016
