0.14589229846779572
0.12422385156062887
0.10499325379241702
0.09033467852684696
0.07552083288665494
0.06334534300203205
0.05315951431376313
0.04321716605255603
0.036922826980222374
0.031112428599858504
0.027515687774044516
0.02467230544618558
0.022872066764223
0.02199484879797353
0.02190239139242175
0.02165919545622417
0.02164524785499337
0.021480644094990054
0.021842650589997806
0.021177584669637442
0.021933700653448872
0.02208700703657474
0.0218264215773176
0.02109071442294286
0.022519595794348934
0.02162695781157321
0.02090939797514244
0.02196320974672375
0.02211725806704566
0.021738248413714488
0.022095720270598012
0.02133357177419831
0.0214393206086591
0.02181635672593389
0.021614601994277036
0.02164903097145412
0.02142510587620234
0.021279165926417154
0.021962413597493596
0.021427690040497376
0.021596196189251318
0.021254219356594998
0.021623200817788683
0.02131030626452498
0.021567168720247352
0.02076060607018681
0.02141083450469473
0.021539282526367935
0.021681314169570146
0.021571894639478652
0.021845774868338944
