0.7333934983365755
0.4699748124472722
0.30172235364401656
0.2006549155323836
0.13652276736175387
0.10627951429837676
0.09473074157614601
0.0900236813945523
0.08837613465289314
0.08528858131814702
0.08357864061965342
0.08156977545813857
0.08005977898467996
0.0762207976000161
0.07309970690391532
0.06845811061680689
0.06563255930046384
0.06032506391868107
0.05510839273136549
0.05088291004496513
0.04740348894996669
0.041849770404573806
0.037713240865053566
0.03402448723318508
0.02965739892816801
0.02721433408826048
0.024728253303085784
0.023261448099446903
0.021644571339152714
0.021193397207437025
0.02081446134337359
0.020382971768361784
0.02001338959122258
0.02035140934047317
0.020005140636579165
0.020536444074134422
0.020366671488155616
0.020165166769324165
0.02067941152375452
0.020416358719903754
0.020509302066098384
0.020243516406500222
0.0203437491851497
0.01983741308089922
0.020308166740376988
0.02028110250841306
0.020360634505462733
0.020623369593518764
0.020487904401855037
0.020981107413840298
0.02114492095550743
0.020110585085229574
0.02051556009906819
0.01989826250575631
0.02012421567464826
0.01988484996726282
0.01977823945984786
0.019821047556153437
0.020481054479716227
0.01997968850979531
0.020093292439241708
0.020126768126801076
0.02016456620034056
0.020472379282932843
0.02026361696989323
0.0202793835437056
0.019893660337425647
0.019880608379101453
0.020457776014441934
0.02082660639516707
0.020674752855999894
0.019917509193158895
0.020799416833566158
0.020592963613355678
0.021226581223536312
0.021088321380425403
0.020427828681877282
0.020346131626388025
0.02022603463011279
0.02039146707366717
0.01979249301523275
0.020450756207918516
0.020217333365838003
0.019973908518395384
0.020022698355276893
0.020568306142104236
0.020820510902984406
0.020747606528140936
0.020420140294191463
0.020790026591792337
0.01989577684902886
0.020377896247484133
0.02009886740969114
0.02021174247168692
0.020057385834171573
0.020218892950881053
0.01985533870474103
0.020842937415953864
0.020650940271821357
0.019954428454225032
0.02047781521032064
