0.16359522022346212
0.11144845038422287
0.08494131436878506
0.07504891898151543
0.06875014574361604
0.06541877998832411
0.05978150785458399
0.056254549318088855
0.05097096878943749
0.04756408559076442
0.04404245648251697
0.04000714996910098
0.03682611568683009
0.03454243938438142
0.03313788675938684
0.030115077365981246
0.027548216849455503
0.027278826575019493
0.024913879271656576
0.02349715079916925
0.02393406921833952
0.022019894872560557
0.02205270680172226
0.020326914861551613
0.019806122955185336
0.01969478052663915
0.019489973537861412
0.018631456890483702
0.018458250398828115
0.018494734511336545
0.017294962759948115
0.01945025583769873
0.018632282917184263
0.017799085567094825
0.016948164544112868
0.01717871402481716
0.01902487073878085
0.017722665593713674
0.017640915372354096
0.0171365298415701
0.01750050858780045
0.01627301008948775
0.016675673653103427
0.016165153251699586
0.015911486211956045
0.017524103944438738
0.016520506953269808
0.016042940377582273
0.016180730214352266
0.015307223505337407
0.01626544236248189
0.01655379017718701
0.01544386552482061
0.016310771229097288
0.015528428727412136
0.016305816436827048
0.01599355415830229
0.015513833124102287
0.015586956079341938
0.016775521519604538
0.015633757543934833
0.01599524664044319
0.016143914377962382
0.016553279299665068
0.015145737149832753
0.01587244681318818
0.014991632615336817
0.016013177794500497
0.016269089804902902
0.01632378240542777
0.01589588288856557
0.0167542108881737
0.014735486291336527
0.015415389341418338
0.015247025873426611
0.015431907704594204
0.014322770606638058
0.015240261220942727
0.015108794923264777
0.014822011472645847
0.014337220470752721
0.015031379021592996
0.015154504983472008
0.01554199867390075
0.014691376313266905
0.015459332752655031
0.015670207284799856
0.0159616421234175
0.01538719895333704
0.015183435715261533
0.014992841907869935
0.014786502429600527
0.01486594042534102
0.014782020535053286
0.016457224698373178
0.01469962850826252
0.014520717358424614
0.01562290458977308
0.015296869568837423
0.014691673927473323
0.015249015410633063
