0.16979043182825232
0.11733046522035398
0.08894504671119546
0.07106286532290068
0.05791546798132615
0.04800396088504049
0.03931856568966631
0.0340009082832291
0.029705325067139257
0.027400340814121203
0.02627268854603652
0.025338701749753577
0.02496743924908928
0.024467487270072353
0.024273047187104053
0.023758434157363312
0.023574782792796865
0.023845361865899296
0.02410571780552299
0.023756371114035182
0.023235767309345262
0.02302760189108976
0.02333826214561301
0.023729588875707048
0.02270943319540589
0.023421053655542447
0.02241868691615542
0.022925482716125805
0.022475081937368867
0.022610375065801606
0.022777979082620813
0.023102911175718555
0.022020432798666507
0.023204101556009864
0.022647771707114506
0.022743284835145924
0.022685940545560605
0.02297961377093604
0.02306270872080112
0.022865008904374682
0.022574590832163087
0.022564592609181613
0.02273956013409644
0.022900009084488242
0.022837323490086357
0.022972059283438505
0.022911282208853835
0.02264476297942267
0.023138931634000746
0.022834886751351258
0.023164206742440033
