0.11914859281602423
0.10268734253182304
0.09966625190930375
0.09892686236814953
0.10069912914365235
0.0993389055099121
0.10033404843233903
0.10072917505402502
0.10047065143708775
0.10228683528179629
0.09960184888689967
0.10090535367698986
0.09955688149998154
0.10119443691428141
0.10020946349357715
0.10081890886506763
0.10224308689316373
0.09932450714310845
0.10138856432898066
0.10119892125546333
0.0997509240482359
0.10050899623237025
0.10259329213840808
0.1006775166060534
0.1003172088044904
0.1013723243907276
0.10105882194033715
0.10163244852137623
0.09962898683275692
0.09964714745758937
0.10070326282308095
0.10123503500367922
0.10215910350592093
0.10090598347637257
0.10179825070878921
0.10028340234414862
0.10052697059863906
0.09944952110408593
0.09986674790243309
0.10088307306718955
0.10033885120274624
0.10186458102346382
0.10021226989992726
0.10142359354257982
0.09949903312028475
0.09965101804042759
0.10052858909199593
0.09954691198146372
0.1016632825834619
0.0999494505741289
0.1013803863545948
