0.4950642069765114
0.19016198785110247
0.12830740734530657
0.11111125425114274
0.10023896780877362
0.09158823203976434
0.0782723535951515
0.06904405362401435
0.06105189426166553
0.052440466399537526
0.043094619163493504
0.03790799859398936
0.03432113014381309
0.03086083385385004
0.029070201619999642
0.026349612460865132
0.02423725874961924
0.02304822908184743
0.021835728804058173
0.02024698468390503
0.01947974466172382
0.0183309027967665
0.016618640403031765
0.016486631940137917
0.015444730362032703
0.015309729276985486
0.01331498836053883
0.01359776923997561
0.012290874627669358
0.013045875745273237
0.012367490516912903
0.011437620539229131
0.01233931050762833
0.011392917229372355
0.010444432597187518
0.01054680830452638
0.010708524741339319
0.010591642463908887
0.010466908358060321
0.010194428419684551
0.009384591909792003
0.0097751007065342
0.00963855496398154
0.009623915611385071
0.009089378718266924
0.00978504378811557
0.009373503076072544
0.010053948008983604
0.009341469586966496
0.008916562623245762
0.009187045844558615
0.008552228074807263
0.008545520626396928
0.00855818156063877
0.008934458585728767
0.008381037079714986
0.008478323278667762
0.007879892703081386
0.007455306953013537
0.009441802601021787
0.0077258351467573315
0.007642412029080626
0.009030371118646416
0.00840975856259237
0.008825917481093981
0.008592469928866416
0.008970660760506658
0.008022297337000649
0.009095647106471134
0.008553433642484586
0.008425587889426482
0.008146831198962066
0.009115074895408241
0.00800091794780273
0.009113306663951534
0.0081618765629304
0.008291407220644932
0.008624101405579628
0.00846992166687742
0.008961720788511493
0.009987224698210296
0.008362509980897258
0.008236014040703723
0.0075110106456736025
0.008029283804952205
0.008000379944836414
0.0085201921074077
0.008125536519150326
0.007709925927100133
0.009815274430156852
0.00850141714195034
0.009064603425211933
0.009513905269541864
0.007746878619074817
0.0072958806343048415
0.007901990120690719
0.008939028158356012
0.009434769858487355
0.0079203760781229
0.008458598403478424
0.009163557583527568
