0.1543766298824375
0.08931139899245476
0.06518473870288305
0.0597896013352992
0.055223340722366655
0.05181838260191974
0.053643477740162815
0.050453100434534805
0.04715237686445679
0.046163175384402656
0.04174181813266056
0.04426742542533913
0.04054280435488911
0.03684285635338423
0.035930999991965105
0.03281927263222549
0.03194059065219813
0.0266914328416759
0.025846589900077217
0.0228839266786198
0.021448291544245456
0.019370079330900583
0.019622676719485938
0.01787305465337057
0.0166888561552205
0.015508825734693584
0.014745914446424572
0.013653633093441923
0.012756025853440345
0.012485115065557358
0.012484446883372228
0.011462709987393698
0.010629512863353825
0.010400767732997963
0.009592560190677125
0.009718908841167067
0.00902537810088617
0.009214997411066132
0.00994257091166288
0.00865434859439512
0.009554248658045513
0.008442811300776187
0.008698331971690855
0.008432390389703195
0.008371606504926167
0.00837524350085516
0.007561067604171408
0.008573255750640382
0.007959660845619825
0.008753379893483543
0.008279918524586207
0.009070219539666965
0.008403472186407262
0.00833890237345807
0.008159862504878025
0.008483728783895547
0.008643463051270594
0.007769737797468967
0.008328715175449142
0.00820524902252423
0.007972006887313579
0.0072395725142367865
0.00869083595128298
0.007794009018483942
0.00794519345717107
0.009117682029887348
0.007959838018653223
0.007418324011696605
0.007005166028767313
0.006525607561343703
0.006839826389832848
0.008670923734597928
0.0076191943434705
0.0073673027433531005
0.00689614020570982
0.006952065547066283
0.007589808209326181
0.007061488344733594
0.007414050178578185
0.00655014001626437
0.005887564809528644
0.007220230992222419
0.007484354169020362
0.006766301620734981
0.007294133618782751
0.006745598964875521
0.00806418042034344
0.006943842836239578
0.0076487434080767655
0.006530900412778313
0.005567971633417355
0.007825550574310985
0.00825067737868562
0.00713486363934228
0.006632435690203193
0.006871284946112044
0.0064098984371835765
0.007536891570932825
0.007206241693544286
0.0074188589144676
0.006707906391514571
