0.4820368339174112
0.3340198704331091
0.19115190391197043
0.11427716721239722
0.09153015477596728
0.08288733518957654
0.08341690864521469
0.07678575198118044
0.07124748525905134
0.0670827339746902
0.06354034263037268
0.05936526769975665
0.055946997711733185
0.04986511433426707
0.04680457652625045
0.04310874877985125
0.039067664316739435
0.03607448764535312
0.033125138699968894
0.03126351095823434
0.029207828948963763
0.027265178776151703
0.02591661786704179
0.02554076411519423
0.023429476840336635
0.023780675823110973
0.02347521118481004
0.022563161451079408
0.022993965577421376
0.021762314497164172
0.023192759084298586
0.020119493841434202
0.022525142089145796
0.021327777987807363
0.02105086091584198
0.022272901877322417
0.019751893015128245
0.020911091718950805
0.019271982674899817
0.021231659319515477
0.022099323416029243
0.020502370275500833
0.020987543059858015
0.020256733306199877
0.020058962043322023
0.02125274889513247
0.021431537674613144
0.02157914324626235
0.021233986986349627
0.02227312249551496
0.021731118603138366
0.02015271053665463
0.02012555922514947
0.02043062863066285
0.01954138632945634
0.02060020108501009
0.02038567576647832
0.02005837843437026
0.01972711432474494
0.018899900750023842
0.019403572619313327
0.020369722172758894
0.019392439988960754
0.01984807617965775
0.01984570911356423
0.020711186371407213
0.01815178085824855
0.01981325279712945
0.02099265321961208
0.020088331291108954
0.02089622345782173
0.021001426407027977
0.019553217365632397
0.02002507756085421
0.018241311166303877
0.019346774577034112
0.02020934134264021
0.018312908474440757
0.01913554873304947
0.018910940466383322
0.019687918503615027
0.018819242790160447
0.019411540604558335
0.019275544089865343
0.019022418474169432
0.018292550901942626
0.018492825174373964
0.019024325439614756
0.017993371138177276
0.021018109500911496
0.020175731025203477
0.018060002036347764
0.02005736904481664
0.01813680059584961
0.02048086675653334
0.018069646789630564
0.020611815984138544
0.017301482357999717
0.018510581007809265
0.019761946757100628
0.01912647246068632
