0.2728677864618657
0.1639719727000435
0.1188383604878036
0.1020834194906462
0.09227744707436647
0.08246723419232496
0.07284927699547271
0.061383963873311714
0.05332373147282733
0.04460323008837109
0.03848605774949187
0.03350606007819241
0.030795590587656494
0.027815621086802658
0.02525215863496755
0.02388386952628106
0.023226270293151653
0.021835216878272116
0.01993932669256385
0.018065168588049123
0.017185210877809217
0.016583969584808407
0.01626746615489917
0.01639510874720077
0.01493199765961706
0.013933542956174098
0.014377256950077157
0.013138215633874928
0.012467085464902335
0.011717533284569601
0.011243858767855726
0.011140885277325888
0.01173217808203418
0.011289253866902316
0.010834006223039221
0.009957527939439477
0.011106402155440124
0.009656933385147637
0.009731987313297186
0.010506969396676209
0.010022837240246198
0.010155465878805682
0.010286152689500939
0.009518918703389743
0.010002992563990324
0.008747043797675151
0.009841693107433942
0.009083204142863776
0.00924285729530848
0.009242445766072598
0.009379523938201802
0.009619448944864358
0.009421619242869791
0.010354356854212498
0.008721886371644576
0.009426886356076344
0.01000683626204252
0.00914611549525947
0.00969403331604636
0.008850396318014937
0.010157307852649598
0.009044353454130153
0.00834909721293549
0.009442874203263748
0.008271052594679904
0.009014045557744273
0.009907571262345809
0.010412744529954741
0.008980342217531731
0.008652638187066904
0.008506404565251927
0.008317965391840295
0.009948818099305468
0.008640504551512431
0.009171831892773903
0.009061626186269526
0.00859134562222185
0.008960311594112966
0.009370686108309791
0.008988272302993693
0.009067171038655373
0.008796317081141617
0.008398889090033218
0.009288109733858406
0.00956511190128377
0.009414760623889785
0.009521107727621466
0.00822152558803433
0.009579931282433703
0.008081459893511632
0.009507376576715246
0.009551782708477565
0.0075457006568258045
0.00920610312613933
0.009622512207768393
0.00921897813709473
0.00960804744782621
0.009885602643206788
0.009369637382951998
0.00796740619106358
0.00934305731903525
