0.11904532954137884
0.0767098852765812
0.06508291412943452
0.05704631593559585
0.048825318851345924
0.039693329440154815
0.033596854944195086
0.02721135655191691
0.023921219482056763
0.021170901391027744
0.018966331720617617
0.018973036735530243
0.018690686300432482
0.017079898266910885
0.01653185493651616
0.014913778514814588
0.0144037273611063
0.012930367342548474
0.014279846837376011
0.012746983582012284
0.013882006962168411
0.012286881381722034
0.011748536086144965
0.012027411371213754
0.01234392530617406
0.011866079387729397
0.011993837698575698
0.011466344264306217
0.012086285395021467
0.010967878412193969
0.011476903875509335
0.00972486000619572
0.010722109541667309
0.011186833736892774
0.010013977843534097
0.011368369355532622
0.011719525176091027
0.010444849046272252
0.012284133833599099
0.011610956433078981
0.01024627843472715
0.011451938561351082
0.009476928079959602
0.010426744829629082
0.010406656042309267
0.011361188622767679
0.011269530681530882
0.010569244836016733
0.01038441599823646
0.011070237869346152
0.009945839326739458
0.010069710517072724
0.01050462816569227
0.011724108168381823
0.010684197586909147
0.009073630225870951
0.010174363273601368
0.01114017169537267
0.010282105452782646
0.009276531934587377
0.010079211711235651
0.009823860462881947
0.010898325969538828
0.010386059006009982
0.009958131490671531
0.010568665341491748
0.010266849027806339
0.01050145731765154
0.011455125522358497
0.009354841821216374
0.010304452090853396
0.01028884052466029
0.010429205999852344
0.00987904042497859
0.010427453541444245
0.010631185041246294
0.010875724349285788
0.009928183854246916
0.010914621930295573
0.00957079318829264
0.010754384356268876
0.010208178520535608
0.00978056367141357
0.010376890027691007
0.00977408176545338
0.01100882233898073
0.010227702556561377
0.008921964437726184
0.009918607630545176
0.0108082039913873
0.010635846838743858
0.00960953723756128
0.011471227341916794
0.010158906438411485
0.008843457133316919
0.010996783318792735
0.009948329311772482
0.010419352435795635
0.011310205099189395
0.009019264481095947
0.010678803455594616
