0.1396138134753834
0.10462141305326786
0.09889732733185153
0.09865561996101219
0.09651023757174894
0.09361323786863258
0.08895376504670366
0.07870828561733194
0.06981406561034144
0.05738909363794818
0.04692203840937535
0.037070672912866
0.029801461862051373
0.026068683341904215
0.024206741179133035
0.02339846005182698
0.02400350027717279
0.02432972259425441
0.023317284414954443
0.023300031317206375
0.024124645041104755
0.023471239801228352
0.0235040755796352
0.024216133894503326
0.02413026062835167
0.023739143703049508
0.02410301098206866
0.023040343351474566
0.02438755748568986
0.023551571275908425
0.02377724805555781
0.024125957723971924
0.023980738804158745
0.023695318639954
0.024470406600451373
0.023841853685779246
0.023342564558822058
0.024062734995877803
0.023364016291499475
0.02366644757500847
0.024168543911880343
0.02331974738585001
0.023490757926764562
0.02374051878332397
0.024081825724798264
0.023985455066000076
0.02439892179270509
0.024228292858471417
0.023937358177920084
0.023799464857091994
0.023600909616986115
0.02421855571858491
0.024548633609797296
0.02282583274609315
0.02394380981431223
0.02439722989411284
0.023675842807660503
0.024057721057750593
0.02328911355159861
0.023906200511025006
0.02339367946431615
0.02347476204518136
0.02408217553102895
0.024010038077941838
0.0238463731732835
0.023578491042840346
0.023940697136690982
0.023171767634001667
0.02356738805942649
0.024146568862301574
0.023935318501961903
0.023869364465939683
0.024179371234324298
0.02312988475288748
0.025175222603502512
0.024325900970929345
0.02350041360136134
0.02364076262722159
0.023845008990691263
0.024074229752057613
0.024833230108656817
0.02430492801743438
0.02372113555403425
0.02346348909634688
0.024085802822646277
0.02376760532442887
0.025005345868974387
0.02420244650998698
0.02384686621897319
0.023814404853709455
0.023831395163432224
0.023534800232206644
0.0237779277303038
0.023370429092287665
0.02335791044286116
0.02420873506867384
0.02433469119069738
0.023436331885429137
0.024535602978483034
0.023199938732529676
0.02362543517902275
