0.1351066643986826
0.10708853136806541
0.09437406636135422
0.09012980900392809
0.084172480928878
0.07511471862105142
0.0716298787591914
0.06449361244364621
0.05902253286047284
0.05260323040083489
0.04837968533993017
0.043961781429523034
0.04161403833572842
0.038827803477513294
0.03692456288517594
0.034725479418931476
0.0329097890819522
0.03231547581955279
0.030894393914434506
0.02975331477821873
0.0280719988658971
0.027001722426703453
0.025808993606403933
0.025730433495217524
0.023923479004210907
0.023473594872422184
0.023158509034747
0.02249423301416573
0.022151143874463628
0.02118633959591906
0.020231748173253933
0.02014703044646205
0.019748686165988984
0.01901261881212354
0.0199378359877848
0.019418399360370375
0.019316210319205957
0.017989594551412198
0.018098152912598035
0.01887019773716779
0.018249706999197934
0.01795516961783598
0.017235909953161776
0.019102171222798506
0.018328379349089444
0.01811292619727591
0.01757594567418022
0.01722129369747318
0.018306217380407868
0.01759220247129965
0.01720468284787765
0.0182174284662549
0.01813880412017296
0.01729053842773752
0.017387562353712534
0.01709740619818588
0.016617341674980076
0.017900476333459557
0.016830381287822122
0.017314983530828842
0.017182863416698075
0.0167633708465636
0.01718101867204644
0.017251454684844132
0.01768826898174905
0.017367342337044348
0.016721297720403153
0.01720546921433231
0.017114680718797473
0.01748911800410849
0.017955341173831067
0.017272674794358088
0.01661512740081988
0.016387566190691476
0.016865042612053918
0.017740862759288073
0.01847960948505882
0.018096393870971866
0.01783412863940055
0.01780405760906933
0.017681484120943065
0.017340930162238224
0.016919810845575423
0.016982021259842533
0.017102799991078853
0.01626711998688736
0.01743085729337677
0.017547940477655885
0.016658221222148786
0.0164218887412674
0.016397977933285332
0.01721453863597224
0.0174879514114557
0.017099399114445538
0.017453304285451485
0.017281997006516663
0.017279297812480037
0.017301433364958978
0.016777058967114945
0.01727327390796821
0.01735490704895999
