0.14166804800627886
0.10466912851121703
0.07614766323335982
0.05947160208809735
0.04654118399184353
0.03951588474658196
0.03623892668630292
0.034292160477023624
0.033432662897386035
0.03247019620891701
0.029495299709468518
0.029312368180051722
0.02815087948043879
0.025939315331273565
0.024990403412816158
0.023362923513473372
0.022931019641155535
0.019834604243532183
0.017968803845469967
0.01787221506496777
0.01947809968357883
0.014915769889900852
0.014672842795113501
0.013502483555623421
0.01182503105754942
0.011554009641666153
0.009961133641756407
0.00979367443817489
0.009294852252663367
0.009136156885679411
0.009165309980316753
0.008645468360047716
0.007596339271668578
0.008148715389554934
0.008433718617705836
0.0074142135161026
0.007903627570142463
0.007690411775916693
0.0076620210212746355
0.007477771902776559
0.00842284838474831
0.007714045805332538
0.0075960621683567415
0.008542151250687816
0.007791286382747952
0.007468689479226048
0.007856105762042435
0.007594448083103883
0.008264260550754042
0.007050211861728445
0.007303019230676033
0.007789290425791241
0.007315446476855432
0.007281808085162383
0.007903372158268716
0.0075887133022566255
0.007773720455953283
0.007607503314204102
0.007460905658845016
0.007147590930481874
0.007670202158954352
0.008051909108643422
0.006874950066493468
0.00764579719108851
0.007840904792306315
0.007252758249720377
0.006939352393803374
0.006965306351940618
0.007352660656127352
0.006973927236634427
0.007375335918083269
0.006874684231145118
0.007774286819623817
0.006782039495992516
0.006977827249161361
0.007215583296796136
0.007148941316542888
0.007317527446413488
0.007526875175469853
0.007250536130143714
0.007295325986216429
0.007100371923652906
0.006953515059518165
0.00757033257245789
0.007112297843796602
0.0071768920740586765
0.00716711135783519
0.0070505478875858875
0.007824480881445056
0.007433982671023791
0.006970825006856827
0.007527204224272837
0.007095231562199038
0.006932570068439796
0.006765184348057194
0.007615499340782615
0.006762683948761574
0.007264106699502454
0.007538797080537096
0.007566111798498894
0.00784620988341454
