0.6149646205215861
0.4785177763456177
0.3841424762481798
0.3077926566612413
0.239590607406435
0.18943202916121069
0.15887787841352352
0.1385256029782059
0.1215119858319009
0.11566797141035254
0.10805702259989935
0.10245798442523275
0.09756154268713439
0.09069512068349479
0.08386547236580635
0.08065678702922043
0.07591441131296157
0.07105134940912541
0.06474037910852426
0.06264939083717631
0.056397551788415885
0.05169795384134378
0.04726236635939007
0.04315921334432777
0.03956138404874629
0.035363615574217064
0.03089688503663976
0.02708349632316597
0.025749147068025138
0.022878050924359666
0.020861091258042114
0.019221558015168564
0.019892845412378478
0.017445966584950574
0.017004347669007193
0.01615079000031242
0.016784389423655014
0.01661464771687834
0.016335831198932366
0.01752313663466366
0.016398996759664015
0.015998706333282396
0.016098270169727622
0.016678645806291484
0.016496147874772618
0.015730763976757565
0.0156238737723939
0.015881209175130813
0.01658296335705652
0.01660517244957596
0.015608629038895101
0.01599242871776339
0.016339013280718333
0.017123106001037745
0.015875104995193387
0.01734408469795791
0.01588621841687628
0.015456349800245807
0.015867610708132158
0.015874279279105667
0.017084252199238002
0.016417835820456278
0.016177790309586475
0.01692319187375779
0.01526615865129406
0.016292147371897478
0.015310914926258938
0.016391182786429582
0.01625186991294844
0.01627069250945434
0.015894722891476816
0.016628802399739528
0.01646610509718592
0.016386371831520804
0.015967487476323216
0.016588434096867083
0.015678215183844504
0.016941524889458666
0.016715808393333666
0.01655382157373127
0.015511020268729274
0.015374984164438957
0.015991622502426726
0.016631257909403105
0.016383928759288388
0.016934829449308547
0.015900016365617532
0.016782609440146125
0.015348511686041939
0.015960560270667848
0.015803911966394746
0.016502548707293785
0.015471783407347598
0.0159954059134627
0.0156612745843648
0.015681337989063963
0.016373189866878714
0.01631929396241016
0.01593479911736364
0.016162009763809996
0.016519222195439328
