0.11787622849974244
0.08819381808879027
0.07628298520454607
0.06331041290538258
0.053001238411754095
0.043907191782847264
0.03635198676149131
0.030434317698725635
0.028864526301233623
0.024520004563025496
0.021261160022805866
0.018730247705565434
0.018290389584839875
0.016789150655911977
0.01743631038205619
0.016257155283636596
0.014965143151895186
0.014619035665964095
0.013804940984972916
0.014647344555373807
0.014399520174346129
0.013804513927832074
0.013458636849196381
0.014600597130059833
0.014137102503965607
0.013323307734720062
0.014005548960775582
0.013201805947908889
0.013679219704201514
0.013628250867330867
0.014597027231999637
0.013337539010851631
0.013825703034074524
0.013204398056472479
0.01370932681722014
0.01418162393087896
0.013830353646834213
0.013370857108053403
0.01357710846732586
0.013259609346085452
0.013391703459030771
0.013252894212322746
0.013608377858493996
0.012274885765989209
0.012824414358104634
0.013514009276211688
0.013301524248907182
0.013174334913772071
0.012687167767959398
0.014173797560683375
0.013296428992549122
0.013379969281719166
0.013756514035622888
0.013219563997308404
0.01398335945901993
0.01345705507360878
0.013285529255572791
0.013751036641652954
0.013644575400443329
0.013386735319405632
0.014367939548450538
0.013381540651920688
0.013844709265075916
0.013558323709458002
0.013674047346847632
0.013398530839694157
0.013712004090536677
0.013065592280002558
0.014395377060666955
0.014639282502792228
0.012882343929298832
0.01353544754844304
0.013419597192154556
0.013176856173954168
0.013550525900940793
0.012841534369737437
0.012900920480193308
0.013265041485692533
0.013141119048722092
0.014345910147571807
0.012618969835068824
0.013508679588811636
0.013367225640088305
0.013238412047570456
0.014232809871828778
0.013896356702251844
0.013234638782758358
0.0133393607337555
0.01378532041765552
0.013755267341926385
0.013622760448317275
0.01312025146125111
0.013930389967173915
0.014326710069680356
0.01420936359829903
0.012798970033063326
0.01302279103698324
0.01359737572882787
0.012535302916743723
0.01365426788229867
0.013183600041150023
