0.4786757723158096
0.1741152224427632
0.12608073270168554
0.09792078226886385
0.07962123358834138
0.07461671665483822
0.0694896488342082
0.06068770669082233
0.06320132955021782
0.054985041348815336
0.05020117888016644
0.048993313654420015
0.045125564530874296
0.04181396957365794
0.0377706852874984
0.035507592051203574
0.03127406770182717
0.028718761409816922
0.02567445657072207
0.023496846840368724
0.021632188316612382
0.019214761629462992
0.01740695126022298
0.015691111828759454
0.01268049421829662
0.012088658693108862
0.010369003045802815
0.01016759372569731
0.008730389569150636
0.007839758757700984
0.006735681120041355
0.006656096930113107
0.006003868296078467
0.005070867471948521
0.005116022602500493
0.004772601098426682
0.004939984927684627
0.004724492972503079
0.004077984108161659
0.003645055749738182
0.0037074793731367854
0.004234172392154702
0.003948587134801103
0.0034340172042178043
0.003522091146726189
0.0036099608121625444
0.0038286116538116984
0.0035323364153151226
0.004037723885510853
0.003387472544939621
0.003263290454722546
0.0035969371929590573
0.0032929600509061458
0.003607847105020266
0.0034463625095684375
0.003323448564255469
0.003301531902803601
0.0034900859745914063
0.003647605032980856
0.0031018716245924155
0.003193689588410995
0.0032426272406347535
0.0038572187697581157
0.003187361676875866
0.003606542854489958
0.0037238091721157438
0.0036305865187203795
0.0033034021243642238
0.0028441335366784365
0.0038217340863660743
0.003304347013218437
0.0029544526836190435
0.003187464532662197
0.0025783159524553037
0.0035696476148406493
0.0033756238494601193
0.003403803971566313
0.0036131461645086856
0.0030858403792734276
0.003453997408717061
0.003483445443198104
0.0032003494629591926
0.003497205534920372
0.0037727329312320338
0.003191669953843885
0.003303342402935803
0.0030532768076875607
0.003783353720495983
0.0036917413923913726
0.0035437451024533497
0.0032726592506973342
0.0030141020312391253
0.0033375092753632294
0.0035037464774262785
0.0033513242782405635
0.0034020823286814586
0.0029150990073814526
0.003497446768797135
0.0033278688147911914
0.0034079905209210355
0.0036283822654712356
