0.16371172898501465
0.11546553581937934
0.10234361458058956
0.09012057375139705
0.07907309365276789
0.0707109323736278
0.06386533189069493
0.05590217888215251
0.048138683685917776
0.04322792074021282
0.04016331592151662
0.03557705346604505
0.032685682548492204
0.0307559239291302
0.029013139434828406
0.026734341562933587
0.024770304417394636
0.02315147412789551
0.022970386309043037
0.021746954714331516
0.02039854636707861
0.019687533516996102
0.018926373589864206
0.01804106826045207
0.01774615996935072
0.016466379695782754
0.016459774199805932
0.01614330748982208
0.016143828840132164
0.015701801847474783
0.014557910246221257
0.015495155728632887
0.015331986753889366
0.015606163614980306
0.015239932928492047
0.015529969073538229
0.015358791003999043
0.015336738109450035
0.014767456024124144
0.014224409291719795
0.014907251216712844
0.015327774041396043
0.015342870600253387
0.014734166146601358
0.015315343455177901
0.015005007936563751
0.014548324132183646
0.014674680657282575
0.0147000279451349
0.014676181821152472
0.015061043562627479
