0.201675655058581
0.09755517027061711
0.08420007419525344
0.07264806544830986
0.06010038598345296
0.05055851389764281
0.043330356290327686
0.03875745889720805
0.03343005688287998
0.029043040719121425
0.0242378551891854
0.020981428458117894
0.0180583245624973
0.01596784239589015
0.014060194503459644
0.01217927950528074
0.011066840565327321
0.009861509146930651
0.009153255624705502
0.008600250434606748
0.00815334360384097
0.007579365830316327
0.006637535536699789
0.006672529892614545
0.006202729592736863
0.005743182334278859
0.005878379728049955
0.00561093787779492
0.005349796690358088
0.005177952913736439
0.004961842114908514
0.004769344935209518
0.005096505187538967
0.0047132703139295675
0.004467003803803022
0.004953605777291753
0.004648156236669707
0.004568385208910131
0.004192924095451254
0.0040464290118998715
0.00413574746873009
0.004711563498804919
0.004286356462745261
0.004287208897467515
0.0041719851421621315
0.004611532734427836
0.004109411193448616
0.004229636038848166
0.004114109547633756
0.0038575875226712327
0.004022494474686384
