0.6844335931110362
0.5545090772299298
0.42558801006420355
0.3318083746107065
0.2589562263174145
0.19919789765206225
0.1571375186674067
0.13407880828075808
0.11986409514759161
0.10927873997782088
0.09943818900918792
0.09099537035241842
0.08300286945604395
0.07490685520410209
0.06999777973221145
0.061907923062044186
0.05534845667124478
0.04723053839479229
0.04276385221147633
0.03752736892829605
0.032542451229337695
0.028420089872728684
0.025439966910278163
0.02323499187047832
0.020615268918349035
0.01956360552969139
0.018238305018912996
0.017177842067027594
0.017078876703090013
0.01639535180340728
0.015838385010407748
0.015618661903326857
0.015543513950708866
0.015208423684380754
0.016301057764546076
0.015898712934143185
0.016090246004165955
0.016166327793263126
0.015447695099051764
0.01621382408038867
0.01609887994803437
0.015147473768248041
0.016054968600779505
0.015927795264135677
0.01565067929521659
0.015832763930353363
0.016000433504135214
0.015709730371336758
0.015968762023829325
0.016223715382791642
0.016238904806172398
0.015015949701323757
0.016307469506650935
0.015600844224628388
0.01597152366161384
0.015554108751918328
0.01620204408144537
0.017107963133966664
0.014693155378781155
0.01510696199540665
0.016050704948201447
0.015941621817378984
0.016000422810769337
0.015857795821784475
0.01559156855715574
0.01610314209912946
0.01626730114406766
0.016675618012679975
0.014714991134446954
0.015179427730922292
0.01602511461588473
0.01636092648058622
0.01558706942134057
0.01573706602002815
0.015210188928215225
0.015512392491434114
0.015537017946315413
0.015400194112227492
0.016194421623123054
0.0157987090529151
0.015164488110206915
0.016480642182899585
0.015047857964086411
0.01575467547119075
0.01570534490235962
0.015288609108258026
0.014793441122168951
0.01588957747558236
0.016510461409409455
0.015225426268789225
0.016284904213717564
0.015165290757633901
0.016410820273735693
0.015307579381440388
0.01549615092512061
0.015665334082695152
0.01508612635700469
0.01614448769785418
0.015605753069769709
0.016285248242291307
0.0157386983439201
