0.22143937129312422
0.12586612732530045
0.09498387878352842
0.09032274269537996
0.08626433868870037
0.08124786644821574
0.07442656108623737
0.07059991906270649
0.06447278811696654
0.05731169214711462
0.053039726976057675
0.04754610021907578
0.04246722834884892
0.03772876622675693
0.035326027565773396
0.030411824616394526
0.02989549578972819
0.026410364360821528
0.023969614885330115
0.022081807161062856
0.02024405818500556
0.01907021346647911
0.017602425904866353
0.01642210455817889
0.01502082242447175
0.014114956260281135
0.013053987234667308
0.012534259737303797
0.012001436971239272
0.01145147693269246
0.010724955305171192
0.01047510267586903
0.009813906787304398
0.009591043311998048
0.009193155148304424
0.008880111491081625
0.008119599691104375
0.008465523100341436
0.008160924114156034
0.00796004126582879
0.00794934531892662
0.007675987965801078
0.0076726077543164475
0.007135964722171786
0.0073457307372880275
0.0072994569937535215
0.007078313790096036
0.007351242269164776
0.007249736748242093
0.006769613776036983
0.0067512139747643645
0.00658341512660037
0.006884679244695941
0.0068082087765994155
0.006957513174675685
0.00679679211456124
0.006372843868385197
0.006373227445460727
0.006904632959740849
0.0057485993437354
0.006959109198257437
0.006294780692720163
0.006545091286384964
0.006642137123830926
0.006242195664537074
0.006316089884379026
0.006628531873021602
0.0065736747235883965
0.005611981640794069
0.006205107136895988
0.006392069954694677
0.006421149345136574
0.006655752953380952
0.006587552653343221
0.006198816321052086
0.0069449661511708
0.006035194514433385
0.006265226581710911
0.006395756341782153
0.006027795691037323
0.006393078780052114
0.006586559741358978
0.006122618502352279
0.006244904020925542
0.005762639562535258
0.00615751679454299
0.006537059826250554
0.006494917112801844
0.006222869129394028
0.006552763726027689
0.0063815770081619245
0.0067847300119881935
0.006705884792873653
0.005982350775042892
0.0063107624432901
0.006279252926463902
0.006142993362369819
0.006928658893515129
0.005901675254128857
0.005864815702325083
0.005848152670077165
