0.19131909250415782
0.13922045364601013
0.11110754038694905
0.0947495572878966
0.0811187890566667
0.0720011948514766
0.06456889111637379
0.057622764171227754
0.050950059409545945
0.04450010825791254
0.03948968053773985
0.03566546211023337
0.031342529580802345
0.028429115337728014
0.024977687911003636
0.022568122690835926
0.02131366865905965
0.019567433802675633
0.01897257071457436
0.01807227734064921
0.01802146331953011
0.017963797837294924
0.017949550462509484
0.018266213363406836
0.018000696326156574
0.017760342731025027
0.01787384999925174
0.01797145475300911
0.01753594020219083
0.017789671495762643
0.017257796016282273
0.017893616047077184
0.016511670321536845
0.017782436826479103
0.01753077805620293
0.017152918425861665
0.017738572841620434
0.01812169701797868
0.017665454581975618
0.018038333295976244
0.017609534029856308
0.017642590995706035
0.01768935859505299
0.017255614934113334
0.01781296315364612
0.01772210371029878
0.017649301009163613
0.018201748555251404
0.01789886096362466
0.017567539983198648
0.017692922149158203
0.01706038181513997
0.018167795753472247
0.017525956463941592
0.01747977755421611
0.017610692483170216
0.01779280041063536
0.017123285752851422
0.017500176805523234
0.017262522858834128
0.018006039152446474
0.017893943532457508
0.01748853621445863
0.01847138219602973
0.018117501426084422
0.0173117557143674
0.017425296721794516
0.01834372245668809
0.017399972341151027
0.017885895467122527
0.01839994532623885
0.017007845661366025
0.01791190207764367
0.01769871371964452
0.017692455806162393
0.0182520542717955
0.017437874678920193
0.018111647275805148
0.0178327594430624
0.017902776298542422
0.017640231329994087
0.017930646999904036
0.01756152289607157
0.01770142744572792
0.017763552095472167
0.01788499317204814
0.01781907561769414
0.01728819564672066
0.017487242218980445
0.018288839308119868
0.01771275934598649
0.01724183512211613
0.01779817074741986
0.018487442311351538
0.017552048970634025
0.017819411897078523
0.017804284924262365
0.01763327367983871
0.017621478884083757
0.017829238644979727
0.018098872212797476
