0.13815004027422698
0.09024061927209705
0.08095976006729723
0.07030903055671299
0.05829587332609628
0.04615478074445963
0.03693761959312276
0.030482112071388224
0.026452024578645303
0.023487490777282575
0.020818053857089243
0.019178527861961742
0.017035343979842056
0.016086108829880583
0.014590082342348147
0.013489189184402464
0.012890666091970452
0.012430404218742674
0.011399460719390577
0.01171761948702521
0.010886350634285693
0.01099878674334841
0.009802104087461936
0.010050480073047482
0.009999722202305125
0.009951660296450617
0.009903993038515071
0.009908280260030258
0.009539413962383995
0.009083989044806055
0.008963981860228763
0.008973654743564978
0.008965313415269772
0.009116354298511117
0.00907462033385196
0.00882770315336571
0.009336148873377205
0.009546585918082119
0.008868584778686309
0.008685512046112842
0.00866544288517829
0.009530024280548123
0.009216725076712458
0.009165344773922947
0.009442839566673238
0.00812020155767121
0.009238924432875809
0.008622033701528583
0.00857257330178437
0.0084125564171144
0.00873425144514594
0.008442183721464892
0.009561842108389031
0.00850179570458583
0.008922290241146888
0.008723904571093836
0.00889336744641316
0.009180302018985979
0.008420467994295128
0.00920946137635496
0.008580715402172786
0.00864720052460758
0.009110282336524549
0.009027582856577314
0.00854535923583289
0.008590248871225777
0.008344689795899486
0.008692794746745676
0.008459726377901457
0.00865003557689558
0.008839834954133834
0.009149356671142143
0.009165482459711823
0.008800703221437564
0.008187100362455157
0.009347749769250298
0.00844259833641541
0.008737038528845052
0.009247068056484278
0.008410496204566395
0.009171611021356404
0.00886847331774062
0.008738554525946848
0.008217662841753869
0.008848334988718579
0.009335606675238898
0.008121758515598885
0.008821060050074218
0.009318255743539028
0.008898791536294554
0.00909878457625424
0.00908469684038604
0.00856216152898937
0.009400564649526346
0.008796893712038146
0.008879723036268026
0.008824346296060565
0.008548358371591232
0.007985541283843087
0.008951868907432842
0.009148586658209609
