0.157806435261091
0.0944409999038816
0.07034268933557104
0.06332311111921594
0.06071670376510552
0.05569815259417642
0.05356331575808669
0.04978839320304443
0.0451147210601171
0.04344198454828474
0.04033732938039356
0.03945913538839749
0.03308140081610878
0.03212278225695299
0.029702219453651698
0.027524090783395575
0.025942886121258394
0.024804340955202772
0.02099813401313695
0.02132514033445224
0.018769971867265648
0.016454794229136004
0.01618872752035312
0.014536338887013524
0.013158492456807745
0.01295750563567686
0.010913515512004524
0.010201067703157011
0.00908413054940761
0.009246800834025647
0.008858009164844286
0.008292772593821
0.0078170767905051
0.007330492744267865
0.007284807432434083
0.006862538593591395
0.006077499810095573
0.006591868485985578
0.006291675695407452
0.00582610690665874
0.005926538264460066
0.005831131724493825
0.005499377526199583
0.005551646824871098
0.0055024692273645814
0.004828548421726076
0.005053959760751229
0.004986214758247836
0.005020808276085809
0.004846376615539799
0.004752401435331621
0.004542514713790128
0.0048938122046587925
0.0043733787358345025
0.004278729466733054
0.004445380384922817
0.004334008759150679
0.0041161644130014415
0.004637710242959104
0.0046391282793340335
0.004239008516554418
0.004547174507803686
0.004036954045336441
0.003996541466705252
0.004128731241186918
0.0041412089629829915
0.004179089013743681
0.004207033114826645
0.004320512038603167
0.003980867659810646
0.004289894762053365
0.0037414289368097073
0.0035278872045161353
0.0039954117358781535
0.00433033648490073
0.00399047321036851
0.003888632955742528
0.004234237771843916
0.003799042763973324
0.003744204387100817
0.003730157034562274
0.003498423064212921
0.004013581471998568
0.004136240021170378
0.0037955815995067165
0.0034712387300423982
0.004048489748189092
0.004329704193780507
0.0037215309332368856
0.004184470291617061
0.0042169861229867794
0.0036568442507809757
0.0032773326214470774
0.003680151272493536
0.003605597609435025
0.0037309317345620148
0.0038892484510322863
0.0034580248743105394
0.003731867705897537
0.0034938680698340494
0.003309231907438402
