0.7336239820623575
0.5493069504496652
0.3974279917943767
0.23926506430383515
0.14369090879978097
0.10314955417319746
0.09394487797207646
0.08548090252974305
0.08128280607135555
0.07515737058950113
0.0689885392371821
0.05946897049311157
0.05238445643953232
0.046376519914933995
0.03954954027114546
0.03741058455511227
0.03283408533851765
0.02837854603888669
0.024453459341651933
0.022338940916046178
0.020639462125570197
0.01950589991910316
0.018239051637081796
0.01742644081761692
0.016507534491690304
0.016512422809451806
0.015048745427354474
0.013842247612292021
0.014379151558859053
0.01368635898859761
0.014846074050018209
0.01373673451197771
0.014750036895381336
0.013417443189933698
0.013671993226650967
0.013583072523027253
0.014446238949720152
0.014305954416682856
0.013521404454524077
0.012939310528875028
0.012523594994260194
0.01309251691911837
0.013413190017788967
0.012052855189687283
0.01436104144779004
0.01235901179509331
0.013078916577974128
0.01237621942963647
0.0127206912698922
0.012300619535429165
0.012400963403085608
0.01315455449431125
0.012219121957154345
0.012408065612021228
0.011209265534062193
0.01284530034458068
0.012439558405667352
0.013543346948166442
0.012743137405568575
0.013396837804114147
0.012731545518527919
0.012476307779843536
0.012574760761624152
0.01253306735496402
0.011751171339563401
0.013136680091731556
0.013433879482996776
0.01263177156868769
0.01317424535949795
0.012031681062907631
0.012452817589562655
0.012224269625907844
0.013067479886872712
0.011639116037097523
0.014208769077959859
0.012121162677451688
0.012082235836583834
0.01167619528126819
0.011831047529878291
0.012828358569896755
0.012817160930385443
0.012687575707495655
0.011255294355296179
0.012165759504789962
0.01199637064748733
0.013565744313149398
0.012586988687291427
0.012409077488339656
0.012628851030332981
0.012025782100463213
0.012581798267835752
0.012822862146680814
0.012908487063766327
0.01167222790727841
0.011627636575726288
0.013012710565026444
0.011967726305848213
0.012281577587251716
0.01314820915769003
0.012529584754903435
0.013168343757190119
