0.1969702640861928
0.12554125586029866
0.08519475315235787
0.05727628834907771
0.040403498251620255
0.031076306775723678
0.02609228141311899
0.023655821935291338
0.02216968942657139
0.021091270333732055
0.02128327115852722
0.021235007930105017
0.020289086620166354
0.02158673555655183
0.019349570713987647
0.021813461181973734
0.020116000350894357
0.018857510256977593
0.020098286613971676
0.01879214075132166
0.01921893919879601
0.01890201438324436
0.02056531681149294
0.018911063449401723
0.019498398119272817
0.01884554171126727
0.018042364142111685
0.01667510739412365
0.018794728707930614
0.019498293329605426
0.017887435248087488
0.018197619956668038
0.0189431961171134
0.018225006580891503
0.018128510303615064
0.01781445828149267
0.01901925916151785
0.01737309968900265
0.017469780561380138
0.017223241488756154
0.017098093586796217
0.017313113043128256
0.01842860767843568
0.017559802796489977
0.017840597824862664
0.01748919466937575
0.016614692387993884
0.01642926526780156
0.01807855388468266
0.018739301776657804
0.016762228815904983
0.01839779877835817
0.018002000909035518
0.017847671526943887
0.01665187377168493
0.016990719436987607
0.016057536115755937
0.01689610395715786
0.01579746048931997
0.01673197332204683
0.016454498149180444
0.01726197370485629
0.018247132274954336
0.01687279915575686
0.0182707685345699
0.016817543469981464
0.018145698677970837
0.016434915321084757
0.01668353904355652
0.017174715250769294
0.017355252003168124
0.01744682382112322
0.017277304205420566
0.017068682182551292
0.017049921742012513
0.017165225618388583
0.0176219404763828
0.01680690488277786
0.01772748355064328
0.01690788647834332
0.016868447570669194
0.016046912735123393
0.017285636223446848
0.016381738554250708
0.01705705004789562
0.017871782665554115
0.016669749247426993
0.01628821570159627
0.016202683741506255
0.016655580629583416
0.015394870889136528
0.017038433937724758
0.016412066367478485
0.016969461520788306
0.015954921728010434
0.016573600549622217
0.016598965734710897
0.01666696358441212
0.017117888938114202
0.016263346604547622
0.016981664071362028
