0.34640839465225554
0.21925703479293374
0.12809739967695294
0.09638534818254074
0.08887746466104589
0.08134287652076529
0.07762757469783203
0.07363014917499625
0.06696113942342882
0.06176135086509662
0.05579543907632954
0.05109434497373921
0.0453707125258011
0.04159943490552143
0.037513496702185026
0.034432671527102804
0.030048749195296168
0.02821059289979626
0.02534745459728042
0.023383717841240628
0.021006746294267766
0.020556283294669738
0.01749007376289757
0.01912293150222769
0.01798691333694765
0.01611943676506454
0.015906811274837656
0.01511513023501581
0.014134223132770145
0.01563579122282386
0.014250197143968657
0.01407724200514262
0.012802659905206171
0.01247944044922056
0.013090523158480296
0.011956827986856607
0.011524630119746524
0.013487120461550173
0.011843025905429714
0.012737216215930844
0.012301598242603105
0.013085747011215973
0.011307282189156968
0.01141550798857727
0.00978150111545399
0.011861962792411284
0.010523319259353252
0.010370431957821134
0.010399226624933753
0.01205770944078951
0.011550164983476198
0.010948836922041722
0.010599752804142833
0.011882862712397423
0.008901798557279104
0.009550639467614442
0.009935700764846114
0.010935292382724537
0.010252319471275329
0.010279184853541835
0.012099649334410663
0.009347323474480095
0.009666357190047393
0.010381501603651604
0.011376556978039456
0.011675861733586045
0.010751805617151944
0.008970751930140006
0.009749725518701477
0.010012585683993545
0.009819908207709017
0.009937381733184538
0.010775742440938397
0.010391095593786724
0.011741465797199499
0.010686013650251593
0.010112257206277751
0.01059393156559038
0.009805347706240567
0.00996025115569402
0.009778976773332292
0.009660398884838358
0.01014468720284639
0.010931583920098818
0.009698393740441257
0.011658818133369286
0.01040155870952382
0.008906009069738272
0.010071634797429292
0.009806748170219601
0.009163614687672227
0.00990742580711079
0.009318407984118966
0.009677104016730694
0.00963562114443016
0.010263988195304545
0.01005816060028543
0.010048964792942802
0.009900669734451388
0.00989900932979021
0.010188483149281792
