[[0.43791407 0.4306341 ]
 [0.2647296  0.32961278]
 [0.3130167  0.30295047]
 [0.32176479 0.29022715]
 [0.30762121 0.28386105]
 [0.30564736 0.28184997]
 [0.30086178 0.28055357]
 [0.29450652 0.28625848]
 [0.29495549 0.28954878]
 [0.28781495 0.29467105]
 [0.29840465 0.29565698]
 [0.31155563 0.29629015]
 [0.35177952 0.29775302]
 [0.39887825 0.31305105]
 [0.45060562 0.52370012]
 [0.8233023  0.70600923]
 [0.78668334 0.6740545 ]
 [0.60680134 0.50448445]
 [0.37642372 0.3460901 ]
 [0.26249604 0.30909107]
 [0.32673114 0.30064793]
 [0.30945548 0.29369173]
 [0.29069176 0.29019362]
 [0.28922397 0.28668757]
 [0.29138025 0.28468818]
 [0.29474254 0.2801938 ]
 [0.2926703  0.27583432]
 [0.29407651 0.27370492]
 [0.29435858 0.27035973]
 [0.28661151 0.26513497]
 [0.27611623 0.25958705]
 [0.26615684 0.25409162]
 [0.25641078 0.25010212]
 [0.25049119 0.2430877 ]
 [0.24193007 0.23704227]
 [0.24565204 0.25394492]
 [0.29704527 0.27758772]
 [0.33897563 0.37805358]
 [0.52419106 0.5058248 ]
 [0.61302564 0.42402938]
 [0.3186299  0.29710765]
 [0.23967366 0.24896283]
 [0.23570882 0.2393755 ]
 [0.24654543 0.23652855]
 [0.23315461 0.23554078]
 [0.22515607 0.23867597]
 [0.23004687 0.23789   ]
 [0.22613881 0.23887452]
 [0.23226846 0.23946555]
 [0.23749444 0.24059787]
 [0.24525044 0.24325408]
 [0.25404725 0.24721737]
 [0.2617942  0.25025375]
 [0.26417096 0.25508905]
 [0.26758022 0.25953635]
 [0.26677329 0.26342983]
 [0.26542114 0.26856492]
 [0.26833526 0.27387863]
 [0.27330717 0.27920727]
 [0.28378288 0.28685845]
 [0.30330254 0.35159495]
 [0.4303728  0.45978987]
 [0.53489628 0.50078713]
 [0.48332747 0.42379207]
 [0.34488544 0.33746572]
 [0.29489659 0.29489227]
 [0.28541093 0.2939395 ]
 [0.31366523 0.34802063]
 [0.40299305 0.64164572]
 [0.86092354 1.06024563]
 [1.26528363 1.328144  ]
 [1.31952796 0.91038222]
 [0.39437691 0.4891912 ]
 [0.29996196 0.33859598]
 [0.2973989  0.30047488]
 [0.32754054 0.28312415]
 [0.30354334 0.27830142]
 [0.29975829 0.27488822]
 [0.28385566 0.27530763]
 [0.28456952 0.27578477]
 [0.27595632 0.28052635]
 [0.28011029 0.28666018]
 [0.29008517 0.6789349 ]
 [0.9879133  2.5632385 ]
 [3.68479466 3.90734967]
 [4.02652526 5.06154283]
 [5.70915017 4.278677  ]
 [2.71877279 3.00537617]
 [2.51854021 1.746906  ]
 [0.81082571 0.89345032]
 [0.71021169 0.53570292]
 [0.46773376 0.39746703]
 [0.38291594 0.35211122]
 [0.31607101 0.33105205]
 [0.34862607 0.321686  ]
 [0.39959347 0.31137132]
 [0.42494938 0.30205293]
 [0.46053134 0.294767  ]
 [0.5134606  0.29056278]
 [0.58733099 0.28715485]
 [0.46154962 0.28611982]
 [0.44596649 0.28729163]
 [0.43060502 0.28570832]
 [0.39590681 0.2870087 ]
 [0.34665628 0.29063947]
 [0.3118122  0.2958276 ]
 [0.30503825 0.29991155]
 [0.37467205 0.30595582]
 [0.54759508 0.36677432]
 [0.85074462 1.00315185]
 [2.04369272 1.4677415 ]
 [1.77918417 1.50005933]
 [1.4653819  1.3646045 ]
 [1.15717429 1.08210835]
 [0.85918694 0.72516717]
 [0.50022226 0.49203272]
 [0.4256226  0.3896513 ]
 [0.38577027 0.3778135 ]
 [0.42058772 0.39708775]
 [0.43428349 0.34608875]]
