[[0.28045293 0.32961278]
 [0.19045    0.30295047]
 [0.34791505 0.29022715]
 [0.37896684 0.28386105]
 [0.34757434 0.28184997]
 [0.33850028 0.28055357]
 [0.32139614 0.28625848]
 [0.30598447 0.28954878]
 [0.2968736  0.29467105]
 [0.29011047 0.29565698]
 [0.32491508 0.29629015]
 [0.39265075 0.29775302]
 [0.52038783 0.31305105]
 [0.64109463 0.52370012]
 [0.70667198 0.70600923]
 [1.0609826  0.6740545 ]
 [0.81676358 0.50448445]
 [0.57088918 0.3460901 ]
 [0.32073855 0.30909107]
 [0.2326865  0.30064793]
 [0.35782785 0.29369173]
 [0.31652261 0.29019362]
 [0.28729825 0.28668757]
 [0.29092404 0.28468818]
 [0.30664744 0.2801938 ]
 [0.32173704 0.27583432]
 [0.32828286 0.27370492]
 [0.33325313 0.27035973]
 [0.32852861 0.26513497]
 [0.30997181 0.25958705]
 [0.29030433 0.25409162]
 [0.27380468 0.25010212]
 [0.25921287 0.2430877 ]
 [0.2532236  0.23704227]
 [0.25278811 0.25394492]
 [0.28010704 0.27758772]
 [0.37472432 0.37805358]
 [0.44810558 0.5058248 ]
 [0.64684001 0.42402938]
 [0.67094863 0.29710765]
 [0.28707094 0.24896283]
 [0.21757187 0.2393755 ]
 [0.23944982 0.23652855]
 [0.25284922 0.23554078]
 [0.22035225 0.23867597]
 [0.20357975 0.23789   ]
 [0.21072851 0.23887452]
 [0.20802042 0.23946555]
 [0.22390474 0.24059787]
 [0.23908024 0.24325408]
 [0.25700681 0.24721737]
 [0.27257808 0.25025375]
 [0.28291577 0.25508905]
 [0.28312009 0.25953635]
 [0.28176568 0.26342983]
 [0.27604916 0.26856492]
 [0.26882781 0.27387863]
 [0.26980831 0.27920727]
 [0.2788139  0.28685845]
 [0.30289468 0.35159495]
 [0.34338235 0.45978987]
 [0.48791588 0.50078713]
 [0.54643092 0.42379207]
 [0.45365326 0.33746572]
 [0.30816053 0.29489227]
 [0.28437166 0.2939395 ]
 [0.29540587 0.34802063]
 [0.33346328 0.64164572]
 [0.42298723 1.06024563]
 [0.80073512 1.328144  ]
 [1.14481227 0.91038222]
 [1.10614925 0.4891912 ]
 [0.12446    0.33859598]
 [0.22684653 0.30047488]
 [0.32250733 0.28312415]
 [0.37895328 0.27830142]
 [0.33596513 0.27488822]
 [0.32419742 0.27530763]
 [0.29848986 0.27578477]
 [0.29144657 0.28052635]
 [0.27609606 0.28666018]
 [0.28478743 0.6789349 ]
 [0.32101663 2.5632385 ]
 [1.06661606 3.90734967]
 [3.33692327 5.06154283]
 [3.68823911 4.278677  ]
 [5.21993111 3.00537617]
 [1.9562458  1.746906  ]
 [2.30360153 0.89345032]
 [0.5435273  0.53570292]
 [0.80769207 0.39746703]
 [0.50694202 0.35211122]
 [0.35297877 0.33105205]
 [0.25124597 0.321686  ]
 [0.40008923 0.31137132]
 [0.56603982 0.30205293]
 [0.68428112 0.294767  ]
 [0.83617007 0.29056278]
 [0.99678827 0.28715485]
 [1.00729395 0.28611982]
 [0.77157361 0.28729163]
 [0.68491234 0.28570832]
 [0.61289333 0.2870087 ]
 [0.50479789 0.29063947]
 [0.39329139 0.2958276 ]
 [0.34303781 0.29991155]
 [0.40931312 0.30595582]
 [0.71394506 0.36677432]
 [1.27032406 1.00315185]
 [1.91722976 1.4677415 ]
 [3.15722644 1.50005933]
 [2.14830447 1.3646045 ]
 [1.36047895 1.08210835]
 [0.98406963 0.72516717]
 [0.74301019 0.49203272]
 [0.42967683 0.3896513 ]
 [0.45116148 0.3778135 ]
 [0.4285192  0.39708775]
 [0.47195026 0.34608875]
 [0.46871541 0.30974888]]
