0.2626533813090785
0.1316715630802986
0.07869586571951753
0.07250604593687898
0.06505896760738325
0.06209069990469174
0.05988720941500048
0.0557459841968032
0.04969612205371096
0.049662735226270814
0.04889731293495615
0.0439504643491749
0.041379069307802975
0.0378153612418041
0.03686609603228302
0.03238126155659712
0.029886551084152353
0.02658295664041245
0.027452060213984636
0.023406514078162414
0.021771283186267584
0.019986782576049373
0.018790527890976943
0.016958835271025825
0.016984244000896435
0.014537555207716477
0.01420079398792621
0.013205517339123908
0.01314246498095654
0.012322439596305582
0.011424131394928802
0.010728385997347899
0.010295930040102826
0.010477953855071307
0.009368314188597293
0.008418328453004538
0.008255812764239564
0.00800670185328036
0.007978873951156503
0.007846657642253488
0.007584342492486514
0.0069466131684161065
0.0073154816888240165
0.0071851668891035015
0.006597134156532306
0.006570165421816876
0.0067036126929129365
0.006721895587008353
0.006388289600175306
0.0061327045969277755
0.006217462447220056
0.006022501785306548
0.006392909770358755
0.005686128794943395
0.005665944723097699
0.005369046392713018
0.005549274932536138
0.005800075868689764
0.00553409723754285
0.005132497321606901
0.005526152578560591
0.005688129534834464
0.005431654282066741
0.004939795952977881
0.005758667538333915
0.0055638991852652
0.005483738436736242
0.006192186416101059
0.0051940981104209565
0.004813031323690692
0.005711955418008195
0.005120103284014276
0.005016213960890193
0.00514203675816924
0.005257001523459602
0.005216566024939283
0.00509135832978929
0.005429324774204257
0.005154935660156391
0.004767801381401822
0.005480797473790395
0.00508809320832843
0.004911081963518395
0.004933573562272044
0.004937221002327718
0.0051956420540997545
0.00483194387197738
0.004869589078472202
0.00497396000016917
0.004621919590758165
0.004942716430567034
0.0045999972924637275
0.004315623927596303
0.0044842227081819805
0.004665550856172053
0.005165794114551921
0.004756940141938293
0.004840947796340444
0.005063157319888369
0.004725955147206352
0.0044601699443842634
