0.49859470165888004
0.2552993618604297
0.12874269059845148
0.11009909505876932
0.0978053633318975
0.09016227299614589
0.0784536297761723
0.07020287496326401
0.058573531220890464
0.051800654131921274
0.04507544405580967
0.04054126721316539
0.03705177949604546
0.03218745691876951
0.029894396583079037
0.028437501166252314
0.024706854986231014
0.02209389280188012
0.02172337240567003
0.019982657962550342
0.01951803168219255
0.017453726680350376
0.015975392331102428
0.01587614774898139
0.014495529165328157
0.014054468805804686
0.012251138800107876
0.011746029352713357
0.011177444869289344
0.01099031357479818
0.00993371055911936
0.010178577429025023
0.00853546742181042
0.008770319936832435
0.008449015076361194
0.007422839037184277
0.007593658590617718
0.007154472313331397
0.0070244364598376
0.006423682101650337
0.0071078172120468555
0.006381324567261489
0.006282793597269514
0.006747985942438493
0.005957324138151275
0.005833706247781286
0.006532528053107854
0.0057710984941204725
0.005745516218898649
0.0057561752436321644
0.0056040519440256975
0.005856702538174458
0.005540515984665658
0.005118850207664221
0.00575978937651706
0.0055027661762078245
0.0049389571437324755
0.005694538135024577
0.005746991595766466
0.004926118158347471
0.004754790956547348
0.005825000453708738
0.004843141944250647
0.0053344755139271526
0.005503092145382488
0.004736279754861357
0.004967196202960022
0.005405675384846929
0.005053993712615296
0.005104938021822956
0.005220519586479151
0.0048280667838316565
0.005073349139883439
0.005057902906237987
0.005064566701570076
0.004756368344460321
0.00500148389210197
0.004982828416234242
0.004719953923292071
0.0051957629615951165
0.005089077456409357
0.005336792034453752
0.005281047922249072
0.004800940883727565
0.004941431638421151
0.004958250215994504
0.004793516623585911
0.004505819997397624
0.004548504579864287
0.0051961681704819004
0.004739674068377546
0.005187018498801804
0.005575908889199071
0.005461175811916978
0.005137479084651504
0.004834190634959497
0.005441404481013639
0.005151792056278744
0.004692355794934526
0.004177102263274159
0.0048417308990049085
