[[149.1237686  149.5       ]
 [142.97081552 144.5       ]
 [137.70752544 137.5       ]
 [130.36270975 131.5       ]
 [127.41281438 126.        ]
 [123.51589854 122.5       ]
 [121.91161816 118.5       ]
 [118.3323331  119.        ]
 [121.25192205 123.        ]
 [127.41278294 128.        ]
 [133.14501774 136.5       ]
 [142.83434608 142.        ]
 [146.68052691 144.        ]
 [146.21458673 144.        ]
 [144.42320739 144.        ]
 [143.88766745 144.        ]
 [143.85606031 143.        ]
 [142.82167611 143.        ]
 [143.80921568 143.5       ]
 [145.1250312  145.        ]
 [147.25364483 146.5       ]
 [148.33919586 149.        ]
 [150.16268805 150.66666667]
 [150.12283675 150.        ]
 [147.3010244  148.        ]
 [144.18438213 143.        ]
 [137.78774105 135.5       ]
 [129.41843541 129.5       ]
 [124.92585055 122.5       ]
 [118.89550466 116.5       ]
 [114.25675319 111.5       ]
 [110.30926401 106.        ]
 [105.18351183 102.        ]
 [102.42280232  98.5       ]
 [ 99.95058976  95.        ]
 [ 97.01268126  92.        ]
 [ 94.51689774  89.        ]
 [ 91.59715378  86.        ]
 [ 88.50165674  84.        ]
 [ 87.03484476  83.        ]
 [ 87.22220695  85.5       ]
 [ 92.00765971  89.        ]
 [ 97.19950125  93.5       ]
 [102.79649755  96.5       ]
 [105.42286779  99.5       ]
 [107.41132772 101.5       ]
 [107.33907544 103.5       ]
 [106.96730032 105.5       ]
 [106.55125812 106.        ]
 [104.65433483 106.        ]
 [103.54011645 106.        ]
 [103.57868845 105.5       ]
 [103.28249064 103.        ]
 [100.17487177 103.        ]
 [101.29853856 103.5       ]
 [102.08865372 107.        ]
 [106.75764366 111.        ]
 [111.15379664 118.5       ]
 [120.24621825 125.5       ]
 [127.30480559 130.        ]
 [130.51372976 132.5       ]
 [131.52070319 135.5       ]
 [134.06370461 137.        ]
 [134.40400521 137.        ]
 [133.68179087 138.5       ]
 [136.4472632  137.        ]
 [134.71756849 140.        ]
 [140.46330614 142.        ]
 [142.67792645 143.5       ]
 [143.80786175 147.        ]
 [147.53568341 142.        ]
 [137.67689226 139.        ]
 [134.50358329 133.        ]
 [126.76512649 125.        ]
 [118.05862192 116.5       ]
 [110.24889903 102.5       ]
 [ 96.00312372  99.        ]
 [ 97.62565745 104.        ]
 [107.71865163 106.        ]
 [109.40876512 109.5       ]
 [113.05492088 114.        ]
 [118.23565087 118.        ]
 [122.25391026 121.        ]
 [124.72026701 125.        ]
 [128.73230922 128.        ]
 [130.72310623 130.        ]
 [131.45962958 130.        ]
 [129.93070502 130.        ]
 [129.70433284 130.        ]
 [130.1408963  131.5       ]
 [133.00664268 133.5       ]
 [135.8648673  135.        ]
 [137.28087918 137.5       ]
 [139.60424569 139.5       ]
 [139.68782182 140.5       ]
 [138.85298933 139.5       ]
 [135.90990789 137.        ]
 [132.14791168 132.5       ]
 [126.6874023  103.5       ]
 [ 87.40762833 115.5       ]
 [116.04516257 112.5       ]
 [113.1757538  110.        ]
 [109.26425325 106.        ]
 [105.08265697 105.        ]
 [106.18671464 106.        ]
 [108.94782443 113.        ]
 [118.65447268 118.5       ]
 [123.76860913 123.        ]
 [127.15190927 129.5       ]
 [133.60693904 135.5       ]
 [138.51069651 137.5       ]
 [137.91956437 137.5       ]
 [136.39312367 137.5       ]
 [136.35111305 138.        ]
 [137.49626437 139.        ]
 [139.14806897 140.        ]
 [140.2632605  143.5       ]
 [144.80270657 145.        ]
 [144.70551833 142.5       ]
 [139.30575778 140.        ]]
