[[142.42704288 144.5       ]
 [135.4858426  137.5       ]
 [130.66410609 131.5       ]
 [124.05199194 126.        ]
 [125.42925864 122.5       ]
 [123.32228714 118.5       ]
 [123.38284435 119.        ]
 [120.36369931 123.        ]
 [125.04998279 128.        ]
 [132.33585185 136.5       ]
 [138.17707634 142.        ]
 [147.83936565 144.        ]
 [149.95992233 144.        ]
 [147.53883574 144.        ]
 [144.48363911 144.        ]
 [143.69834698 143.        ]
 [144.01830264 143.        ]
 [143.56138997 143.5       ]
 [145.55333191 145.        ]
 [147.42660116 146.5       ]
 [149.44841386 149.        ]
 [149.40272402 150.66666667]
 [149.56816644 150.        ]
 [147.57370099 148.        ]
 [143.1837038  143.        ]
 [139.50926919 135.5       ]
 [132.76143406 129.5       ]
 [124.80918766 122.5       ]
 [122.25524683 116.5       ]
 [117.74978175 111.5       ]
 [114.67667373 106.        ]
 [111.69888163 102.        ]
 [107.20039381  98.5       ]
 [105.64882674  95.        ]
 [104.08493497  92.        ]
 [101.58860894  89.        ]
 [ 99.30271119  86.        ]
 [ 96.23728021  84.        ]
 [ 93.1123181   83.        ]
 [ 92.46833328  85.5       ]
 [ 94.171903    89.        ]
 [100.96289123  93.5       ]
 [107.43967252  96.5       ]
 [113.38179026  99.5       ]
 [114.95018721 101.5       ]
 [114.93325036 103.5       ]
 [111.99304479 105.5       ]
 [108.56129102 106.        ]
 [105.48783288 106.        ]
 [101.76430777 106.        ]
 [100.21100115 105.5       ]
 [100.6679173  103.        ]
 [100.7333076  103.        ]
 [ 97.48529124 103.5       ]
 [ 99.25336346 107.        ]
 [ 99.98123703 111.        ]
 [105.1452626  118.5       ]
 [109.69137847 125.5       ]
 [119.4733871  130.        ]
 [126.36456314 132.5       ]
 [128.56389784 135.5       ]
 [128.33762151 137.        ]
 [130.22265624 137.        ]
 [129.87531059 138.5       ]
 [129.32559701 137.        ]
 [133.69768687 140.        ]
 [132.79974384 142.        ]
 [140.15354084 143.5       ]
 [142.38998727 147.        ]
 [142.62866523 142.        ]
 [145.52072894 139.        ]
 [132.59970314 133.        ]
 [128.94561209 125.        ]
 [120.61143731 116.5       ]
 [112.45200125 102.5       ]
 [106.48676739  99.        ]
 [ 94.33240683 104.        ]
 [ 99.41487973 106.        ]
 [111.70698028 109.5       ]
 [112.93098748 114.        ]
 [116.93251175 118.        ]
 [122.58262938 121.        ]
 [126.48141101 125.        ]
 [128.33880099 128.        ]
 [131.75315265 130.        ]
 [132.47769442 130.        ]
 [131.98714717 130.        ]
 [129.60696825 130.        ]
 [129.72739004 131.5       ]
 [131.11528778 133.5       ]
 [135.18030438 135.        ]
 [138.48074664 137.5       ]
 [139.2998519  139.5       ]
 [140.39184836 140.5       ]
 [137.82591703 139.5       ]
 [134.99344379 137.        ]
 [130.5854849  132.5       ]
 [126.17733379 103.5       ]
 [120.60899748 115.5       ]
 [ 79.41878957 112.5       ]
 [117.60502105 110.        ]
 [113.61878031 106.        ]
 [109.50882463 105.        ]
 [106.29764787 106.        ]
 [109.20038527 113.        ]
 [113.09346253 118.5       ]
 [123.98337558 123.        ]
 [128.22600035 129.5       ]
 [130.34036343 135.5       ]
 [135.90660404 137.5       ]
 [139.30999115 137.5       ]
 [136.97500382 137.5       ]
 [134.81159468 138.        ]
 [135.20496845 139.        ]
 [137.06242166 140.        ]
 [139.08222786 143.5       ]
 [139.88673903 145.        ]
 [144.2506722  142.5       ]
 [142.42252941 140.        ]
 [134.79292227 134.        ]]
