[[131.94135831 137.5       ]
 [124.23237758 131.5       ]
 [120.60104881 126.        ]
 [115.68003591 122.5       ]
 [123.54764035 118.5       ]
 [124.14575155 119.        ]
 [126.60732167 123.        ]
 [124.59174558 128.        ]
 [131.63151212 136.5       ]
 [140.30892209 142.        ]
 [146.00034834 144.        ]
 [155.15334404 144.        ]
 [154.55788296 144.        ]
 [149.15667127 144.        ]
 [144.17792949 143.        ]
 [142.99484481 143.        ]
 [143.77888405 143.5       ]
 [144.06189581 145.        ]
 [147.32656609 146.5       ]
 [149.81391724 149.        ]
 [151.53868006 150.66666667]
 [149.83954327 150.        ]
 [147.74363281 148.        ]
 [143.16820264 143.        ]
 [136.78005098 135.5       ]
 [132.51118588 129.5       ]
 [125.54168771 122.5       ]
 [118.69370573 116.5       ]
 [119.28912578 111.5       ]
 [117.19897941 106.        ]
 [116.43953741 102.        ]
 [115.03689873  98.5       ]
 [111.53553565  95.        ]
 [111.52821967  92.        ]
 [110.88552444  89.        ]
 [108.51915143  86.        ]
 [106.00173412  84.        ]
 [102.29565834  83.        ]
 [ 98.80953413  85.5       ]
 [ 98.99626036  89.        ]
 [102.3945746   93.5       ]
 [111.5366652   96.5       ]
 [119.43915726  99.5       ]
 [125.64041138 101.5       ]
 [125.63634405 103.5       ]
 [122.89968192 105.5       ]
 [116.20598775 106.        ]
 [108.98001291 106.        ]
 [102.87999851 106.        ]
 [ 97.37664279 105.5       ]
 [ 95.82514665 103.        ]
 [ 97.29110764 103.        ]
 [ 98.07649717 103.5       ]
 [ 94.68013753 107.        ]
 [ 97.30336798 111.        ]
 [ 97.7544722  118.5       ]
 [103.63328456 125.5       ]
 [108.37898217 130.        ]
 [119.03831281 132.5       ]
 [125.45487169 135.5       ]
 [125.88490214 137.        ]
 [123.58566255 137.        ]
 [124.3215433  138.5       ]
 [122.9028681  137.        ]
 [122.58512997 140.        ]
 [129.17040891 142.        ]
 [129.36721935 143.5       ]
 [138.87368062 147.        ]
 [141.01005671 142.        ]
 [139.91660322 139.        ]
 [141.60978361 133.        ]
 [124.26029592 125.        ]
 [120.17804617 116.5       ]
 [111.39905847 102.5       ]
 [104.67865083  99.        ]
 [101.95695931 104.        ]
 [ 93.21867719 106.        ]
 [103.20337614 109.5       ]
 [118.79625791 114.        ]
 [119.5992794  118.        ]
 [124.05344415 121.        ]
 [130.08487037 125.        ]
 [133.39641276 128.        ]
 [133.92553303 130.        ]
 [136.04532714 130.        ]
 [134.66353547 130.        ]
 [132.2633127  130.        ]
 [128.62324514 131.5       ]
 [129.1951908  133.5       ]
 [131.82776465 135.        ]
 [137.41391853 137.5       ]
 [141.14142866 139.5       ]
 [140.95546149 140.5       ]
 [140.22556302 139.5       ]
 [134.11007305 137.        ]
 [128.62123797 132.5       ]
 [122.29668218 103.5       ]
 [117.2349389  115.5       ]
 [111.88283255 112.5       ]
 [ 70.88697784 110.        ]
 [120.67290353 106.        ]
 [115.38615973 105.        ]
 [111.22460282 106.        ]
 [109.37742849 113.        ]
 [114.64910063 118.5       ]
 [119.91363711 123.        ]
 [132.11305385 129.5       ]
 [134.80932488 135.5       ]
 [134.83428623 137.5       ]
 [138.87940725 137.5       ]
 [140.05109072 137.5       ]
 [135.21373729 138.        ]
 [132.12718088 139.        ]
 [133.08763363 140.        ]
 [135.85192019 143.5       ]
 [138.26158341 145.        ]
 [138.50740808 142.5       ]
 [142.48718571 140.        ]
 [138.17721563 134.        ]
 [127.38110072 125.        ]]
