0.1894568473409725
0.0890199678864749
0.05580064954517803
0.051407522573792566
0.04755143865522938
0.04416381416835117
0.04161265903924045
0.041279063213461524
0.03614515162435111
0.033754433752887496
0.030979807536728503
0.030786440666071932
0.025733858498337852
0.02508513324739871
0.023246044033970698
0.02055327999215362
0.020142501080082927
0.016528037662218723
0.01619642864771876
0.0155109374421583
0.01389276167415465
0.014105228620211577
0.01322316310432298
0.011518462582862606
0.010395812923183093
0.010590524398309332
0.00992936317073293
0.009218128952878412
0.00911889266645712
0.008117099041316751
0.00803713236696704
0.007346936828157858
0.006729487105678661
0.0075508870941800735
0.0070047308164387445
0.006329468491148886
0.005983674048215547
0.005569581703262953
0.0055457604300571065
0.005655379844553526
0.0057126442266645155
0.004945723969616782
0.005027578449393196
0.004844053286427338
0.004549075843606174
0.004658065569183765
0.005066744641832343
0.004734351081045816
0.00431929897670233
0.004381359864152004
0.0039387722832093745
0.004195571308715064
0.0039495205470960965
0.0044019649187586754
0.004282983125974275
0.0038766015197018566
0.0036818472815193953
0.003776758214743208
0.003828940968869767
0.004118511005183436
0.003442689221631962
0.003742106254988437
0.0038835475329508356
0.003910346898658797
0.003688007329691447
0.0033641159834548904
0.0036103230274305014
0.00341309288268897
0.0040633680124446065
0.0035664144531883167
0.003632924874494393
0.0038492278221863266
0.0033861081242624234
0.003891877023832408
0.0036564483066096063
0.0035310551538219968
0.0035360589226394435
0.004109585298730894
0.003356706567741639
0.00359784324847133
0.003423535776076526
0.00327593891994302
0.003487123538329784
0.003680732508405896
0.0036294880804218885
0.003806050198453729
0.003951435072851696
0.00336536497527155
0.0038423807087745454
0.0033823457143731268
0.003964356987650775
0.003976250324118275
0.0035562363308825518
0.0033676329014236017
0.0033962201720767935
0.00344764246368066
0.00371255827677345
0.0036827168454781514
0.0034253132580821105
0.003249129786765418
0.0035201335414221137
