0.18452149782739624
0.09765861521944447
0.05915678575986901
0.044850718893316835
0.03539063886440474
0.02887115362927877
0.024436285610870596
0.02058243599163065
0.018104299104719765
0.016608071827803075
0.017352251981153248
0.015978964791800252
0.0154699980278027
0.015639292765426076
0.014328025519065745
0.014099606019652718
0.014971468536853548
0.014562795719676648
0.014623277763704779
0.01447633288736292
0.01457667233710959
0.013873243894878788
0.014148848044013283
0.012746186029506845
0.013673452654387198
0.014106744686346963
0.013601134385891334
0.01366290171863334
0.013407852212298878
0.01357501071783015
0.013651106322664884
0.013168579811485434
0.01385095874308117
0.01170416661741509
0.012717625985055825
0.012757515927112969
0.01337937584849214
0.012742451562440782
0.012634908856755729
0.012395677757315026
0.013033700697334212
0.012317300037313792
0.012804542729535616
0.013441733536287755
0.012859234366421982
0.012396063124755342
0.012504433872336832
0.01186509220491989
0.01166561969973177
0.011270502918963723
0.011549020188735075
0.011920305605004391
0.01186007171193861
0.013212093052833619
0.011739536762635724
0.011598549834325247
0.011975107071846076
0.012373163287805347
0.012691848858546866
0.011851175030866634
0.011739668973226484
0.011361412584302706
0.011803378261098318
0.01115313311746681
0.011203820803107091
0.01157401248673078
0.010718896132252203
0.012035620025479777
0.011817960856116316
0.011614842660952907
0.01127154962178523
0.011641054147241427
0.011237563912226897
0.01148573191353508
0.01093599109975608
0.010946481327405711
0.011909215005718274
0.010723593532615601
0.011117219987872183
0.01047691304435929
0.011850079219459467
0.010820055235785163
0.01166261425409322
0.011369607158740514
0.011105091764624011
0.012147492082587063
0.010446868781440867
0.009970821755329299
0.01107494036084354
0.009820973568438083
0.010800964695279058
0.011075140215645086
0.010691322389753719
0.01033741748509501
0.010124325121638786
0.011177156357402315
0.010271767681563161
0.01044324379298655
0.010983455332057898
0.009991257749516393
0.009897979101257648
