0.11592987997903163
0.08072650237545528
0.06963656863597449
0.06253116055623077
0.06202422605833905
0.05764643192990814
0.05311265890171497
0.0501527074472681
0.049851726131020374
0.04644830497676535
0.04531961201940641
0.04244467607489715
0.040253316701720596
0.036286481051379195
0.0347454910034012
0.03154087853142295
0.030986857674246818
0.029568176920290627
0.029623453533830422
0.02764305661039923
0.025827224415721977
0.024243645918795274
0.02327602491555408
0.023159241313637557
0.022780988121254467
0.021336514674594815
0.020853638032190265
0.02035463804121523
0.020237996200128186
0.02037738510547964
0.020044470202793187
0.019135825307138917
0.018584660902778462
0.018056993475436826
0.01819619034505238
0.017697997080894385
0.01772457027519084
0.016964770524034084
0.015578862767361198
0.016859966587397055
0.015468669176892503
0.015456310923067236
0.014400665867440186
0.015398578254172157
0.014333571339367527
0.014368574077915076
0.014440551055801094
0.015271499809988633
0.013768194527591539
0.014731419365479314
0.013705245780691244
0.01363884126771575
0.014398299544108307
0.013095575672384174
0.013553411932247572
0.013844638415301343
0.013848435314428774
0.013920280780345642
0.013859008947301112
0.012555565354782812
0.012777153874880036
0.012935237309638269
0.013294960102259144
0.013755388243374102
0.013319146896268588
0.012671757823863082
0.012648151857538618
0.012738696125899441
0.012933580274248872
0.012231294448462167
0.012418151626333885
0.013509572875075093
0.01243377164106223
0.012913146619494744
0.01269303813575749
0.012441980628888006
0.0118629068198746
0.012569635292679633
0.012960301992898294
0.011725367868375445
0.012024286754145406
0.012470462593650191
0.013305449083126085
0.011375973909656452
0.011913902658838564
0.012755715365327387
0.013128322602069111
0.012154914278230684
0.012350601917543494
0.012351374379382826
0.012320003744505913
0.012109532509338829
0.011760696066673173
0.012269603229795733
0.011927459754421263
0.0118792884065292
0.012543940860576867
0.012878053548764394
0.01267032035793131
0.012543984662644501
0.012700394990233585
