0.6209311478942892
0.2544953848695007
0.12431125833611077
0.10766660799040338
0.0968166832830106
0.08418314232931412
0.07489291325046249
0.07096457336047875
0.06599503897809937
0.06185199876685781
0.05993950757901337
0.054484195214667665
0.05291465354270112
0.048185176049125644
0.042915335416190824
0.041894037363801526
0.03944558612409819
0.036433546211822564
0.03442034141243927
0.03207903500025263
0.03001086551434051
0.027882284763092655
0.026392049358681086
0.02544897614191178
0.0228038175309399
0.022551064580708727
0.019909183535913574
0.01917443270646793
0.017226597410791737
0.016286352627109653
0.014504542409790658
0.013450949155980803
0.012855304789839424
0.011921542739566056
0.010747444269211733
0.009270883577721874
0.009741825523852141
0.0092164881112031
0.008721237429933885
0.009329567921824718
0.008679585325270796
0.007477482687842805
0.008876475209485613
0.007679613962821556
0.008192800830016826
0.007974377875582537
0.00800770472093911
0.008307108764695688
0.007425257963948969
0.007655651203117047
0.008238856510004234
0.00756601360100028
0.007204620602347699
0.007944497242505101
0.008320408961873848
0.00792513225580448
0.0075729313890204155
0.00716874332928426
0.007307456044308819
0.007951526064059663
0.006701878668389373
0.006792622682177633
0.007782167053935998
0.007109159045210069
0.00792929467881278
0.007980386362441498
0.00737910906171208
0.007861830759746627
0.0070129570435142384
0.006904541526624417
0.008190346928711944
0.007144177043322609
0.007080589310769585
0.006393544653505782
0.0072313981755560515
0.007458455432684866
0.006875954182148394
0.007209789062142287
0.007279860727884389
0.006872454435294362
0.007279255477973555
0.006309652840340963
0.008010827472628585
0.006708966685143271
0.006985708506320408
0.006947454501623851
0.006986547892308802
0.008606135537477346
0.006820639284136291
0.0078077321330255025
0.007190404979084245
0.00790347529467691
0.0072718481162778225
0.007465106327822669
0.0077461116264991876
0.007469977872010778
0.007333215652654873
0.007186627879958907
0.007170930345441223
0.008285244361680075
0.007648820064478951
