0.2031399739762536
0.09434379225871986
0.06405323948698095
0.05613470670762422
0.047826131871054174
0.04577251160778227
0.041028006113663876
0.03671799603863435
0.033211816106071566
0.03077337581784765
0.02561319345303956
0.021806939056855136
0.01801326020909283
0.015600761442268532
0.013872919425265647
0.012820181710081788
0.011926328683325483
0.010748166625747764
0.010676845874134715
0.009694756470904498
0.009149999896755454
0.00953860452379407
0.008627844303293948
0.007480973893874381
0.009055571197602435
0.00751833935851079
0.006924235780309584
0.007870395072718481
0.006372370931296042
0.007886846365187716
0.00690787232326804
0.007256877403928809
0.006922142198921241
0.0065708108189540424
0.006162322586707406
0.007055035849689741
0.00784172467060809
0.0077165129100374525
0.006684587782264943
0.007893645071038123
0.007521170851551771
0.0064296771086077625
0.006783685478369604
0.007006790443462163
0.008035580863625795
0.005833877776814195
0.006320236240040571
0.007527417517184143
0.007151918650485727
0.007239845971848406
0.006565518167821648
0.006638478250497121
0.006346611033906596
0.006455011212868343
0.006533573947094414
0.006320096472074212
0.006111616788637884
0.006613523817780975
0.007275616702435855
0.006302434889063294
0.006791146966346341
0.00681940645903089
0.006767278618856649
0.006295183680111106
0.00628995030444495
0.00701205025403792
0.006290743020780705
0.007109417882560833
0.005883606944089442
0.00670512040001666
0.006326262408189308
0.006456078411697347
0.005789519279939631
0.005961292225999659
0.005816568620176249
0.006527230447422962
0.006222244219150958
0.006066389819675978
0.006052721357927816
0.006863493383093307
0.005460758902513868
0.007411157522057717
0.006133257906002627
0.00651603031353407
0.006318331676649502
0.006054241389801098
0.006672621630558107
0.006386921010428182
0.006319239860972424
0.007341613588184031
0.006181153109583879
0.006304261812809683
0.006319758323220537
0.006802656688812498
0.006110271620389478
0.0066365211849107
0.006820459431883981
0.0058960802837989814
0.006226951704617957
0.006903723068586708
0.006672335560034654
