0.23513919142806816
0.1573183843821775
0.12435500456312426
0.11290286874473535
0.1078252862155643
0.10668290251544704
0.10729902546045007
0.1085950253580494
0.10860220608683781
0.10849725578814899
0.10829856872843353
0.10783868582245379
0.10952142714276632
0.10801032452989237
0.106596002020349
0.10630732995182995
0.10851338496286933
0.10688280439805048
0.10842887525007525
0.10626189186316568
0.10707964313006979
0.10963518492146503
0.10822844065220254
0.10888248514082897
0.10737866931419011
0.10663821229368915
0.10706222577918319
0.10764391214595764
0.1078858815088337
0.10954213462530485
0.109277321503743
0.10610131585189594
0.10739027415293227
0.10670880677295563
0.10778902876719317
0.10853389216520384
0.10758323392690743
0.10716080435787455
0.10912457575259038
0.10929356837884623
0.10830936366593324
0.11001251871797797
0.10989950068634674
0.10723013583027306
0.1074466366180005
0.1067585200530404
0.10756293255009196
0.108099344304712
0.10931745168779201
0.1064272787144547
0.10724042703363397
0.10726989955801686
0.10796354028615518
0.10633765834041967
0.10887308547979765
0.10721957464280382
0.1070770936187691
0.10817500625073963
0.107312752397347
0.10690911475979734
0.10637930029107476
0.10692042447284163
0.1083587069928863
0.1086280109583811
0.10858796559823543
0.10812284763374837
0.10944511774483408
0.10810360081340499
0.10683271145661254
0.10905384584561457
0.10738675912243428
0.10739648699005795
0.10815357361524677
0.10949282830693831
0.10861821990889348
0.10552110135609694
0.10767742747856097
0.10894563752116511
0.10761711441942677
0.10795082768788068
0.10850901557464121
0.1065017921511448
0.1081035431509681
0.10602872965713835
0.10750710555307884
0.10671853350313955
0.10900073138631884
0.10782413374644051
0.10958362628260081
0.11018643057651484
0.1078231597334975
0.10717060775021553
0.10902956151284665
0.10694418597416233
0.10629787322297235
0.10890971057212726
0.108322479030094
0.10986068044284839
0.10775217700840223
0.10654037606083683
0.10763431601424064
