0.7722763797544187
0.41275957823919085
0.20896904969046382
0.12161248642933281
0.10029747266675405
0.09647522931294482
0.09268986549021051
0.09519733175636123
0.09306122452963289
0.09451579883210307
0.09634412352742015
0.09474352779076119
0.0957457534706137
0.0954660581733972
0.094178595809274
0.09483865572868666
0.09539308825670732
0.09720548824209836
0.09417146722113182
0.09477631337000822
0.09493936651843173
0.095384907846265
0.09437207902584165
0.09322771638554099
0.09420308348365822
0.09540111115611162
0.09518725693741166
0.09415602910554936
0.09562712548291658
0.09426145564376125
0.0948077707106677
0.09563397252394028
0.09502483843970994
0.09259978349920807
0.09326428006581666
0.09557888348483097
0.09563415237523153
0.09535667231610773
0.09570085319269245
0.09638275929607476
0.0951310400230179
0.09507409111638776
0.09393934471088083
0.09371192502241267
0.09406330791083581
0.09430576518137403
0.09601185428506206
0.09521853700321191
0.09502431702192154
0.09574826527428913
0.09496897026161821
0.09467138101117747
0.09495754110982804
0.09715113376080238
0.09713304964037779
0.09504471877312948
0.09377223180063904
0.09615523838297524
0.09607202316469256
0.09546371193286712
0.09486166685979489
0.09319868912332481
0.09441953295934567
0.09596624886202196
0.09581641979448631
0.09468500408256196
0.0955816198519862
0.0954897150538945
0.09653148735008216
0.09748457249266305
0.09576365985848793
0.09656842261392258
0.09339808926858997
0.09482505045127664
0.09757075235795193
0.0943691725117721
0.0957484564502581
0.09480877111354426
0.0933733431204865
0.09691378878314924
0.09605891689519676
0.09624757112294907
0.09579708831017085
0.09461395032175587
0.09476884487843112
0.09275041985724881
0.09517926883461539
0.0967480910142258
0.09676370826541413
0.09278302229024783
0.09815099967617333
0.09329044023860399
0.09384479709495565
0.09482872912947883
0.09598145597455338
0.09339041049816663
0.09430422511825233
0.09765459624181007
0.09541511355694489
0.09601274766727438
0.09346021807651274
