0.10164496783192903
0.07910734587128897
0.0697781398911589
0.062354931796104976
0.0580976858884236
0.054419516182797625
0.05513711540472902
0.05287755210108567
0.053464137224951
0.05208015341257716
0.0518477033411692
0.04857398790318476
0.05009688965817067
0.049483026703342425
0.0499124740755417
0.048058532676479464
0.04827218114841737
0.04863371222216148
0.04881165376758485
0.04889173433737111
0.046737019264620455
0.04672268988579275
0.04803243055536456
0.047179814735950426
0.045054844885835235
0.04614474545171503
0.046191674518381194
0.04624646899758222
0.04560150019474659
0.04714530338003587
0.04492479852842594
0.046336451488723084
0.04494834015069683
0.0455156557704835
0.04293119810316717
0.04608405490890433
0.04638408635586305
0.04567438291379563
0.04269445538498057
0.04234327430808936
0.04277929309511367
0.043480556075991716
0.042741935300501334
0.04461434586666246
0.04043940302015733
0.04358028215773822
0.044798273169256504
0.04462168160062562
0.0397664684481553
0.04384473796833344
0.04353298601521446
0.04144488433458556
0.04058769085437213
0.04316273816511304
0.04366349153185328
0.04344191359707561
0.04038293678245333
0.042145876131930875
0.0398178950787984
0.04211091904282763
0.04180747919355511
0.042028682925146804
0.04289025719572647
0.040879571175561506
0.04055740318458283
0.04206930248284183
0.041947491751976776
0.039851135471251437
0.04026343174787571
0.03989864507743044
0.04060239911562902
0.04095928804469172
0.03995147407489082
0.039381029914462365
0.042456795785233876
0.0406012362561297
0.03956646176952645
0.03941716312446273
0.039919038642103104
0.037841178735319905
0.03973148145727031
0.04192122931601938
0.040441584980346765
0.040586248083167915
0.037979611203162206
0.039252369418461205
0.036648348239039424
0.03802919500288002
0.03898853893715337
0.037762208869524076
0.038946335712638544
0.040760612153077455
0.03923727963067992
0.03956376813355415
0.0392280863821951
0.04040654241556546
0.039912073302639496
0.040217237274442735
0.03894720102676811
0.0402600300122821
0.03962475733578032
