0.3619938865177023
0.23897179470159655
0.15478823840099953
0.10912633724068875
0.08640209464169145
0.07593583584193876
0.06768846679739099
0.06303778259595691
0.05789544704575372
0.052435898215302576
0.04581473275205395
0.04003195320301501
0.03498170324918252
0.0310603126955658
0.02627697923662761
0.023051814306980202
0.02020875064288194
0.01820613871917794
0.017475515637743497
0.01594128775155722
0.01454345730058357
0.014050065818019299
0.013091939261372476
0.012537431139855804
0.01184866894592611
0.012393117908997718
0.011520377140034377
0.009841465819826322
0.009411109384990448
0.009410694578201203
0.009194197776741601
0.00832006813628029
0.00822249633902092
0.007898003825330223
0.007655259210479677
0.007426991817857726
0.007335088320889971
0.006945690373699028
0.007035337396757265
0.007154133036723207
0.006364529263491692
0.0065990836242727155
0.006676624347321048
0.007078815138588274
0.006882039471032293
0.006441485282353704
0.006405881671558723
0.006006480015969989
0.005757427277331173
0.005990218449512056
0.0062660093354300955
0.006072351907785032
0.006386261233554514
0.005943496782983181
0.006132156420903885
0.005677977694119329
0.006034564514081748
0.006077932437983368
0.005851308678487138
0.00585172962284165
0.005410322572924625
0.005865308305000905
0.006170599921044219
0.0056212315993542025
0.00532479775341966
0.005293716696372023
0.005157801283222153
0.005577704876062458
0.0054097538933397474
0.005651325537234351
0.005799453449710934
0.005831532808498174
0.005567831961780374
0.005637173624220845
0.005416949737583555
0.005677623125308183
0.005272783243219824
0.005009224869995878
0.004985916827013096
0.006178733614312047
0.005324311701072471
0.0056640169608814074
0.005051019862848769
0.00515701046965381
0.00501896785612808
0.00533622663259911
0.00555324708489646
0.0054729816031712335
0.005182278426825943
0.005816050723913831
0.004855632619967919
0.005305791213030738
0.005837040381029905
0.0057229872118390234
0.005565762680188934
0.004916440635839352
0.004656868752574165
0.005450315912811082
0.005016627559399017
0.004983710231355592
0.005041069346358025
