0.20509066552698071
0.0794735880533731
0.05829624042545305
0.050735026681339106
0.04425928918152951
0.03808318290525604
0.03265119453732035
0.028892556275799224
0.025041270615584116
0.022609497053765783
0.02065333561515044
0.019464870879466002
0.01778337511712071
0.01669908820779563
0.015845580625200213
0.015135440307466705
0.013926814771639996
0.01421440663617946
0.013492149713235488
0.012984767898925031
0.012948735065924531
0.012112061840426378
0.012251186461352448
0.012193602030015105
0.012322659711249528
0.012501196445838315
0.012330666611611193
0.011718553399412574
0.011929601403456199
0.012023902721904125
0.012261855791827574
0.011817451835365266
0.012334537796571307
0.01175562276345481
0.012048958818277408
0.012483366888472206
0.012016493452296518
0.012313799458519088
0.011590321169774969
0.011793480498052438
0.011798116043007364
0.011116847137084855
0.012346277651128909
0.011713277003753866
0.012001747276683893
0.01116435517201531
0.012114437900578671
0.011670113438500548
0.011653823794923288
0.011998355557101107
0.011488087046518857
