0.08893747865666386
0.08245337319341892
0.07504586169881679
0.06879020961779972
0.060713490554225154
0.05324613477423389
0.04711011999319793
0.040857439064127414
0.03490553579106427
0.03122590405838051
0.02777815358970292
0.026919548358675716
0.025528463868087412
0.02426549862657534
0.023716051292612582
0.02270635965126909
0.022704280640564536
0.02227697733819548
0.021707583050666206
0.02068051121296997
0.02042402460209946
0.019251603331436627
0.019111751605013567
0.018623835724851604
0.019491692194853916
0.01713373384591629
0.01897410425079567
0.01769956261173434
0.0173985673974362
0.01726122403582254
0.016952426921344892
0.01713660627439411
0.01763164184454199
0.016565229057116628
0.016006351662880256
0.016258065943815635
0.016308603580507827
0.015815738012329945
0.016170233345309756
0.015453561322863796
0.015823006651474198
0.015373611905993097
0.014935599727040862
0.015889658004012056
0.015798887274038446
0.01571854649587827
0.015911780333728226
0.015684585814412552
0.015452535482047534
0.016146711192176446
0.015585598773943329
0.015129024332759642
0.01491916542984956
0.017099190660612593
0.01596049814580539
0.01586912078464828
0.01560908511698591
0.016667557049146485
0.016406731408507378
0.015451284555917884
0.01610355061875416
0.01636574339440759
0.016960002538041443
0.015830980611516093
0.015543083772510544
0.016657509085076266
0.015445506895346834
0.015437545879924327
0.015931632347337535
0.016479264369415672
0.01610907448553888
0.015731689863933612
0.01574387659927715
0.01589685530673401
0.015884099764006412
0.014827756851176724
0.015797930837403856
0.01586336430375088
0.016353919928767672
0.016121628402144945
0.016574918956546524
0.015898363687887582
0.015881635441480222
0.015121178671954297
0.015813764431032523
0.01590669329195932
0.016187798645684075
0.015647172324144015
0.015805919002112503
0.01691904094656043
0.015447108451000254
0.016398052888917016
0.017015715759576826
0.016249263250491513
0.01577152790621987
0.015244097638244707
0.01655985521815623
0.015569782023912503
0.015566984640455708
0.01581977270701723
0.015853924717543807
