0.1004626021697667
0.0985599526600161
0.09514229720497308
0.08953341196083155
0.08472933242461987
0.07895219343858652
0.07209758296894234
0.06693492519978789
0.06150519984868766
0.05363216701025629
0.0469318307121047
0.04116904986399193
0.03476159161860871
0.02959604976886435
0.025232482429175737
0.022185940545645964
0.018651365234458667
0.01681064005013093
0.015558970350499591
0.01488708027668597
0.015076524168017616
0.01372009169038501
0.014729196061356921
0.014319753401341033
0.01321202919401071
0.01497941042463717
0.013947242740214813
0.015400657349299499
0.015745146560675684
0.01445973111342999
0.014751378536832956
0.01445639818127851
0.014557769437096732
0.01450531832479459
0.014530973297864331
0.014630762082649403
0.013679006453836256
0.01442651772121607
0.013355305577795514
0.014298426428337615
0.014205994555706727
0.014859026606304006
0.01400994028970973
0.014441474604039687
0.014756024162907333
0.01422184191756679
0.01391290107791928
0.013822234353803262
0.014616608207062192
0.013897668024432744
0.014923009081317535
0.014631738173925804
0.013963786166671028
0.015126884759245871
0.014570243420374988
0.01389674564298615
0.015391111228200052
0.013305192030884786
0.014121764111862093
0.014366083708548852
0.014641556881638148
0.013814326223618948
0.014361459206266462
0.013672927950431076
0.013587292560854938
0.014888115436673047
0.014646143238389578
0.013927782327552716
0.015039211028450851
0.013381259305323146
0.014874000816065389
0.014344430129608909
0.014885856556856385
0.01411469285966839
0.014460390319814439
0.014585815140484182
0.014214874170994585
0.014599690743054287
0.014289759827129704
0.014839276264902092
0.01490556810923047
0.014001768536266931
0.014662492665360686
0.01481964927030868
0.014341927480355912
0.013848878855466653
0.014891647088339257
0.014700904058646479
0.013419237637089894
0.014465676460182774
0.01417793888051674
0.014580064065258073
0.01468318753185128
0.014660879379300185
0.01514417814993745
0.015139129559275292
0.013679217730845546
0.014713744211778882
0.014448936466096584
0.014597655746187389
0.01350393115764373
