0.20102077815938715
0.0999459400596779
0.07161533470049831
0.06502967904793276
0.05881943582901867
0.05514578413881824
0.048836564567085565
0.04254555656860798
0.03772620394066912
0.033986258056988294
0.030651177057399684
0.02871035326003525
0.027970897777061413
0.025699744889174543
0.025044862405171335
0.023658219252091
0.023556833179618944
0.02372773600688013
0.022954098831297048
0.022257710791788628
0.02262742524112563
0.021238189709846925
0.021194351114182337
0.02115574267418646
0.0230641441600027
0.02108732901678576
0.020870469358620195
0.020572215739143057
0.021502634783792048
0.02037095580547243
0.019485767758192107
0.020859849429943775
0.020906875582099624
0.019214204783802983
0.020364196102136738
0.019841173730509403
0.01970148819069752
0.01887008917446281
0.020231589953790173
0.020585668853726955
0.02002001270265108
0.019463618394880648
0.019769852351697464
0.019611903535038323
0.019320447858508154
0.018564310073857667
0.019443364977427144
0.019108237962793456
0.017727963792718415
0.02102629689667417
0.019321154693473248
0.018705935309973158
0.019805040827181115
0.020370147175636292
0.018894114749282286
0.019716409842040088
0.020370067809463602
0.01985645759209119
0.019112238677383604
0.01943297377848147
0.019282189484866277
0.020161323499422238
0.017740439828023414
0.018774176995753566
0.018394883394498577
0.0197318847959892
0.018587018214769116
0.019527790002280523
0.019625551518473734
0.01878455379705735
0.01872461962625122
0.018260801584284378
0.017891102126268918
0.019527767064383757
0.01828592271926037
0.01895219605160449
0.019029618051501957
0.018616499879105637
0.020768957297898315
0.0188407130248053
0.01876342025945776
0.01954501854043234
0.018045046518558632
0.019401378836737513
0.01823645907225561
0.01944241791039454
0.01833768642451935
0.01870991736086797
0.019400487193628056
0.01931975450502126
0.019478713973076642
0.018626739122388953
0.02118159999788795
0.017261752482814505
0.020486363153902502
0.020903012376294418
0.019922000102709298
0.01861459858105988
0.018657090917247515
0.019548407364712597
0.01789418131579191
