0.45416571557229507
0.24032349080823873
0.14851109569822848
0.12722497427993454
0.12013082556617449
0.11453162587199067
0.1061253352497265
0.09879997181933306
0.09237475262566631
0.08449865530157913
0.07487952439591036
0.0655756004482216
0.05452659577608619
0.045737180826799236
0.0373125157596466
0.032017428703940316
0.02847117674344474
0.025225976393036437
0.021708672053909847
0.020369346727151495
0.017489421462323677
0.015963086488256412
0.014095077164805915
0.013481397293281586
0.0122542479631543
0.011453815776026912
0.011100887588706466
0.009900795666617754
0.009830462037947308
0.008966287555178191
0.009075557338751409
0.008382082869167706
0.008245443342200117
0.007903961052277614
0.007276448791818554
0.007431074370698682
0.007227650644873751
0.007774197937521602
0.00761735294612896
0.007041958532888095
0.007326845456360824
0.006990721928064756
0.006853658595987821
0.006952125705608856
0.006727062804301508
0.0070419208806987415
0.006555222604147247
0.0064222789431189475
0.006269367490489005
0.006470199866823068
0.006255007351131781
0.006466959752534315
0.006467629773027731
0.0060684086890729445
0.006544089496614364
0.005317352664204644
0.005370586370268634
0.0059128429194186035
0.005606646984250451
0.005588841369798507
0.005697548098076027
0.005583683900806992
0.005870600622929411
0.005988388701955178
0.005666139251544535
0.005269128791359882
0.005880002860387805
0.005832304471974092
0.00571248664848527
0.0054798966279617275
0.005268998249927116
0.005868129108363949
0.005656969801257643
0.005149683377444286
0.005335575222262684
0.00605690372350038
0.005983312943806292
0.005582264350246153
0.004978751284353633
0.005379188402733077
0.005505969201574138
0.005729404368867896
0.005028972516676315
0.005423406877661471
0.005792441203838102
0.005124966510653711
0.0062891661747897076
0.005740736069617504
0.005640294401265757
0.005625099661330272
0.005327442323709119
0.005940363680166599
0.0055426332794051075
0.006088666312790199
0.005476523600214175
0.00542650730539597
0.005319056134225414
0.0053807368545847264
0.005924506059009305
0.005580389425344532
0.005280707488300218
