0.2042110172311098
0.16556825679209908
0.13760546471371865
0.11134378576321963
0.09385821297254118
0.07996204936914253
0.06923082355229526
0.06405706673502821
0.05927157193256431
0.055009596421795495
0.05120435024776551
0.04765030466126148
0.04346532769323714
0.039748234531087105
0.03567105138907334
0.03219280405256212
0.02880895451967441
0.025518974542350734
0.022288279668117503
0.019974871899013254
0.01810004083776457
0.01624680159852171
0.014334890481292854
0.01344774350103417
0.012671752155293746
0.012295338507209671
0.011367131547524924
0.011752256805016813
0.011452329230641777
0.011476189048716891
0.011312930715630531
0.011044265700225193
0.01125348554913788
0.011399503957624561
0.011131278050175115
0.010897694117229269
0.011604731726744122
0.011195948553208514
0.011165624259043773
0.011241402203973737
0.011322480086941224
0.011118291697493336
0.010932009390730373
0.011436500090742922
0.01098632966923856
0.011046091280139633
0.011255257802243549
0.011508136253313572
0.011055810432383064
0.01115588531038509
0.01131426675038083
0.0114840576172862
0.011391958127679054
0.011281219063601149
0.011574442378766371
0.011157617954104379
0.011072629218372284
0.011467084815791227
0.011379826782656196
0.011745253251703105
0.011250983521423417
0.011423001727493533
0.01136717021266091
0.011566078898124308
0.011836819269944296
0.011572012341114336
0.011109392315942964
0.011256900067335438
0.011287347352960142
0.011664822159147822
0.01141533931010925
0.011194273625938958
0.011298400086806415
0.011194444815413117
0.011754843172535836
0.01103028871726247
0.011371812345499195
0.011140126693031159
0.01142900203464803
0.01141896765726841
0.011381145742163286
0.011631740751696519
0.011304776125965189
0.011273857524597797
0.011526867190464153
0.011014585499495785
0.011294630828918746
0.011239811398782627
0.011933659569850331
0.011450424574782628
0.011527898605494465
0.011012334125157572
0.011900245662035278
0.011398678291784762
0.011142190790985143
0.011523323663337462
0.011013459100509779
0.011353906570190033
0.011434348299019747
0.011294145888797527
0.011612108954600476
