0.5006900442298394
0.30806348263700545
0.20088329059859686
0.1446853540081259
0.125682891622318
0.11856844920760636
0.11507676668305947
0.11239559894354544
0.11335798760780975
0.11105104887615783
0.10949161667537402
0.10965011930107182
0.10726283437660873
0.10681751952633124
0.10440782099903136
0.10159156121959267
0.09836962831732246
0.0965722257728234
0.09512990344375297
0.08992972721963512
0.0872587766564795
0.08259148046643422
0.07892069724133458
0.07583578438422427
0.06961861236161601
0.06523720544996764
0.060649976644791874
0.054101779463906055
0.048184865759642204
0.04365135308987795
0.03854533082364158
0.03369085902393335
0.028897977605289057
0.024731300218382588
0.02121599321155904
0.01816397579068171
0.01595010846381032
0.01396530601607442
0.012945883232396671
0.012402581192747217
0.011632901111307185
0.011557651676492116
0.011403092315384859
0.011378085886594494
0.011244553458877949
0.011240354405628468
0.011507506596247129
0.011393408194780187
0.01143812847155935
0.011278994742741591
0.011770442121208632
0.011239980794617231
0.011278709147531683
0.011263324963846235
0.011854515626877183
0.011598257248023769
0.01131941741671771
0.011442708097705652
0.011605699849080761
0.011390587378626235
0.011759058197164924
0.011092427328905774
0.011684759783003172
0.011588315410930706
0.011181998030163242
0.011726044852136
0.011758739711653511
0.011310398668311064
0.011300981710543227
0.010869791101803354
0.01178965202601918
0.011183714872140017
0.011679730359334442
0.011741380283001606
0.011403246783506208
0.011499110419778342
0.01104966159515626
0.01117875482167875
0.011881687123192963
0.01129742480132488
0.011365752077848028
0.011410701584879798
0.011140909337572322
0.011038902947929143
0.011252174106371983
0.01098427201792642
0.011517567628983583
0.01124590755421091
0.011170959061544498
0.011195749962135411
0.011099649841363461
0.011599851947188733
0.01162357201555891
0.011259372502850959
0.011600666788809506
0.011144351004992626
0.01147561743771244
0.01163566797127683
0.011900912310513927
0.011907854388401454
0.011790805971718707
