0.17495308902541204
0.10623254937384964
0.08669325133001672
0.06775208584079766
0.062279939791895604
0.05846950271045434
0.057159192396313195
0.05715124445989607
0.05597800725431759
0.05224243008894625
0.04873201250259718
0.047088948196519896
0.045731037110239875
0.0430947661755138
0.04008770483369225
0.03779880245315064
0.034101153882313044
0.034239615167925584
0.0295104843585578
0.028453328845686045
0.026248391824456804
0.024495283177661014
0.021705451247176287
0.02113456111465758
0.019405432327666162
0.018454475209675563
0.017675216191193305
0.016286287046998003
0.01458559878110939
0.012588789358913208
0.014173154140426887
0.012554209057768682
0.010987318759000128
0.010882985252901932
0.009883760085547802
0.010139587470865316
0.01004346443604539
0.009520766736933405
0.00891215183739799
0.008330967548620548
0.008663606854725694
0.008265654811841664
0.008677688526887169
0.009172755507090645
0.008191000566034091
0.008539856347956117
0.00831134287380134
0.008021974489293612
0.007638086502383691
0.008231228876050064
0.007904219075461252
0.007827504947346985
0.006940752011554653
0.008361103572473015
0.008431513728295235
0.006550844700815279
0.007553309193194101
0.0074001867232955975
0.007069948410025368
0.00828214235486093
0.007637311464588261
0.006715947796017149
0.00659666138634543
0.007105212465341916
0.0067177890984349104
0.007310431840077697
0.007707895187682441
0.007158610955157285
0.008621097677146587
0.006884153374971086
0.008014704325819225
0.008280099424080548
0.006813643957026555
0.007772565838454544
0.008058864287411897
0.007346034425183036
0.007810046756790173
0.007538757621173758
0.007371806848400082
0.006794451575866012
0.007328970297514164
0.0069441546907090266
0.007647055090398299
0.00707467578868533
0.007717818612945547
0.0073127129595895735
0.008134931992136343
0.007846611952799338
0.006956595692764145
0.007411035667703947
0.008593339309626462
0.007205369602146575
0.007666087141580304
0.007012437247452345
0.00857535036804976
0.007999243251947645
0.007109076089125423
0.007327362929747617
0.007635191110271132
0.00734850074008145
0.007239923177068687
