0.15723553591210018
0.09279359737539329
0.0611219327899078
0.03920440309262649
0.02752219651792938
0.02084810436982331
0.017997572653611005
0.01566755299046399
0.01548195312125323
0.014785297111981344
0.0136984265351379
0.014162895237952125
0.012964700446634477
0.013143090148521351
0.013322496450086043
0.013675432326391615
0.012761556625288252
0.012325230388982278
0.012183940368182357
0.013161723132747214
0.013750580070265543
0.012301142732081624
0.012449613525348083
0.012776820078696386
0.012599233120039735
0.012884738288202318
0.012403758427564797
0.012375296997389828
0.011923603998833857
0.013104433873871422
0.012802746301078631
0.013539839141692458
0.012455497699318406
0.01240706537764911
0.011666737821582769
0.011229198730420751
0.01159797260534312
0.012014596824540048
0.01127071637988073
0.01282604404257646
0.01188465283447653
0.011593437263448149
0.012641236117597635
0.011342619776360705
0.010837411630917771
0.011972270652061044
0.011254582649186181
0.011430359233526822
0.012694352429265535
0.01142638736746754
0.011793312495828347
0.012863063871434778
0.012056406404311507
0.010883954813702926
0.01117441690121375
0.01054664442812845
0.011362989190288839
0.011261232286031552
0.010877017509405293
0.011572877306709752
0.011329206319257849
0.012763765662709632
0.011806764566243052
0.011674439538542029
0.011399357611792013
0.011009398337251623
0.011928028779204701
0.010722896142275928
0.01052868499835986
0.010838188218170773
0.01048396440415741
0.01170561976381753
0.011118433237379769
0.011590713832856484
0.010633205957756275
0.012178345401459836
0.010220237330310493
0.01121615866983311
0.012218695977610963
0.01122752167284952
0.012775513624730917
0.01149854313481791
0.011409739598577962
0.011765817477900745
0.011883531553556292
0.010925794867176661
0.01141542653994873
0.010933857075102575
0.010429722197352966
0.011811697521592437
0.01023007988719372
0.010812506891113918
0.012376805048115906
0.011130891416543276
0.011477087350152342
0.010323066006593919
0.010129212073443318
0.011624005132996903
0.010788926760748517
0.011202310278100267
0.0112196834516239
