0.10701963441910671
0.10607153888589235
0.10397285423661057
0.10412639734622287
0.10601977575909537
0.1058183308303947
0.10448199149980339
0.10562770299201035
0.10456326940001316
0.10535535659020168
0.10337461029680882
0.10475050035384631
0.10594827681607412
0.10383435978837394
0.10598034956651699
0.10496237646021471
0.10562466086822837
0.10527166190547745
0.10520216849423428
0.10286868166155898
0.10355587829576512
0.10641048987785984
0.10314300929161142
0.10563779550740052
0.10405279708989822
0.1056982630690471
0.10626436945745744
0.10492728596494835
0.10620770805520573
0.10609606151477786
0.10362241136725826
0.10459816962297845
0.10374633225428281
0.10607630469968454
0.10629109534673738
0.10547337896233681
0.10436343369508282
0.10504030160024772
0.10481433390589048
0.10513545276958146
0.10440387636744175
0.10382527054637034
0.10481260618337658
0.10592479817359714
0.106093828965092
0.10389206166955826
0.10457992281003309
0.10528287542845466
0.10473167821694152
0.1028499442241652
0.1054585117619289
0.10535115305137654
0.1048756773750627
0.10489074218165131
0.1063992926582368
0.10561954293337354
0.10487484458689605
0.1048335618361147
0.10650980682936338
0.1041723853357985
0.10592233819749458
0.10729878365130487
0.1037204596688353
0.1078594136647137
0.1042841404451148
0.10272529052596678
0.10479357452433367
0.10554345545037279
0.10369817007876327
0.10458646389358554
0.1045332083949776
0.1058694678559161
0.10398186456086528
0.10412072111708215
0.1047468025841437
0.10667813939079256
0.10339747688196638
0.10556085185263003
0.10519949726320224
0.10456918170109814
0.10653629687597294
0.10503755623515107
0.10213750807786226
0.10406487608970573
0.10464749049818207
0.10306994338832633
0.10385145512733142
0.1035955742893791
0.10344329098991789
0.10438873841088127
0.10608864600141699
0.1060141383686721
0.10509799872674591
0.10306688428887456
0.10579203297310634
0.10349727056930132
0.10547188760122529
0.10566726546763328
0.10565021693804116
0.10575731609574737
0.1048791316528388
