0.1341978541534307
0.09126777020948945
0.07725115758485435
0.0734005206091659
0.06901442513515056
0.0635905699208258
0.06230264960622116
0.0597610191152749
0.05583775631830461
0.05392543677816564
0.051684262541908416
0.04829410985386766
0.044197342326789714
0.04035627078172442
0.036121718977410414
0.037834297030918666
0.03382771002021377
0.03147845727975131
0.028571489992044206
0.028418098120017568
0.02713614008423692
0.02445555152606275
0.022504388151383586
0.021076108576941224
0.02157611066603104
0.01872760318582006
0.017290900783973304
0.01756375903009913
0.016708131300436517
0.017036507559904174
0.015978096879463197
0.015998727448657116
0.014907990268167684
0.01575245859161371
0.015404344364226281
0.014255287765359836
0.013651368032676444
0.013726628782695819
0.012863621226253995
0.013873658025288893
0.012817643731615234
0.012274269994383084
0.012941715260265703
0.012624092016905857
0.013409634550895432
0.013761940894116772
0.012633725826466203
0.011997278139622024
0.013152884690237602
0.012188564438094351
0.012131225061945474
0.012879745527043211
0.01234220176129988
0.011807067384132848
0.01168029177239012
0.0121569818727462
0.01340325191171189
0.012126128196294795
0.012342522959986139
0.011520654249737246
0.011201098129051368
0.01193615682320834
0.01235173723459743
0.012457193655057245
0.012017485001775132
0.012689344539452767
0.011542666307623496
0.01309805997668825
0.011882409635793147
0.011186969978509853
0.01254387954604806
0.011732812960724271
0.011073921284423558
0.011820382322768132
0.010780783256604294
0.011321748211428003
0.011332665033418045
0.011429593610285426
0.010330497860239082
0.01244962647431508
0.011519126966952932
0.010505525633442493
0.011004463007688136
0.011705454465259422
0.011607900864548408
0.011573428326281361
0.011894739967216884
0.010259231564607727
0.01117742783843466
0.01085955405739823
0.011913804519849183
0.010521157212417729
0.010464197692567744
0.011366550379257323
0.011158770009344152
0.010584665671552286
0.01123261821292999
0.010327631908684838
0.011678402349466729
0.011371713714668637
0.010853828985140711
