0.09444149877542989
0.08358249672943892
0.07688588711542203
0.07179151741570701
0.06678633830818696
0.06282424669258921
0.05783798932886647
0.053384410898493204
0.04768650983106082
0.04449438752514249
0.039952663334027125
0.03601713774336422
0.033177257663937504
0.02945256978673698
0.02747469709258332
0.025386258597037067
0.02272126854666928
0.020816036014346565
0.01918147070902081
0.01840603143016919
0.01668316839926244
0.015749706056893256
0.015125900923438039
0.014635032761025533
0.013402831916968368
0.012840001626594925
0.01246813767230513
0.011754326025494304
0.011367472724715713
0.010968503060635884
0.010758359390291699
0.010664678788180478
0.00998302769488051
0.009482652818021823
0.009762542739175421
0.008911585048848026
0.009474436649494055
0.009192538604170856
0.009333662002003203
0.008806919867588978
0.008483153828202653
0.00861570194935603
0.008970148662156117
0.008389186884261489
0.008813161003845453
0.00873525203230611
0.008410406127022053
0.0076707537330911015
0.00825116708864971
0.008126383867076628
0.007393872592852507
0.007577408116790295
0.0074398342519319
0.007201628596943959
0.007306223203323713
0.007607445190091545
0.007838710727384082
0.0074925064488575
0.007372915204759505
0.007027655990101811
0.007303438362304603
0.007739421506073812
0.007023582710645153
0.006785092331851355
0.006922474349382847
0.00682881440435651
0.006808811952204757
0.007190236153089545
0.006848688357354567
0.006804182537240349
0.006708332967944088
0.006589377613484306
0.006339895030757099
0.006710828496110992
0.006503565919747367
0.006125538266338996
0.006512092082209091
0.006841748040603984
0.006531296948450017
0.00680494802999238
0.006093447630806152
0.006695436704495829
0.0068717997031640995
0.0064684683069041885
0.006281467921944331
0.006201432191616302
0.006681270176670777
0.006569511222741548
0.005902447782623479
0.006565908678105202
0.0061237873485245385
0.006330448730689668
0.006715048698796573
0.0059163268719038915
0.006170810425980156
0.0059504108095376025
0.00612585772605121
0.006445457200080496
0.006189883235477733
0.006391026688774569
0.0062773102680066875
