0.1284852820704052
0.0868680451919867
0.07441189417843289
0.06378344872692404
0.049788149715786954
0.04426088436860626
0.03876130937342928
0.037009782225615025
0.03285123118690124
0.029467391169816788
0.02688969933592161
0.024981355977170886
0.022534069011530405
0.021426951154841563
0.021269571898908154
0.019452197237471006
0.01865497244285381
0.018580117408629103
0.0168895540676708
0.016006656659711415
0.01601296397462933
0.016230313690415325
0.01616332314676514
0.016094434985557262
0.015482660950623747
0.01559402623895211
0.015711702969014453
0.015589032517983733
0.015556478941278398
0.015086569500524718
0.015797556696864817
0.01565667593673657
0.014365229496218733
0.014292997415825752
0.0147941686541996
0.015006788716125548
0.01430081466516974
0.014842913353648035
0.014717694957862402
0.014267354201643299
0.014143359027259229
0.015120709192516959
0.013892994061048599
0.014375943974383333
0.014447753905962346
0.015460358627745816
0.01338259889733214
0.014296336524692442
0.014724968822309533
0.014130056174623639
0.013989439838263774
0.014343987239947483
0.014707570223511412
0.014241494045806559
0.013561659596470994
0.01422297929322416
0.014307460171704494
0.013722679930303412
0.013647459818575737
0.014031427489038283
0.013673037140658331
0.01364301595167332
0.014477973806372158
0.013975485597219976
0.01381190171253703
0.013767455968100147
0.013294840152538814
0.012969118580666246
0.012864194632836988
0.013244915537836546
0.013618975161346688
0.013424100730071407
0.013334082970083375
0.013065112624764792
0.013453515621214433
0.013514727779918814
0.013629637550119637
0.011836113867642297
0.013307972884678143
0.014490133731856694
0.01323642068634623
0.012374584883462566
0.013755807340377013
0.013699906700522966
0.014069170850996607
0.013065647391609246
0.012660507558504074
0.013649125999166607
0.013752157334795711
0.012229142830145135
0.012641931964334878
0.013364601272927986
0.012231706104602273
0.013097255740005542
0.01331293278275596
0.013412707298693408
0.01263183817729815
0.013424789617655097
0.013471966422943018
0.01297996115429159
0.012666838449266462
