[[148.74688555 149.5       ]
 [142.69171976 144.5       ]
 [137.07041363 137.5       ]
 [129.81119083 131.5       ]
 [127.04899157 126.        ]
 [123.03717637 122.5       ]
 [121.22170757 118.5       ]
 [118.09845005 119.        ]
 [120.65080086 123.        ]
 [127.08768457 128.        ]
 [133.067912   136.5       ]
 [142.13628124 142.        ]
 [145.85189193 144.        ]
 [145.02256524 144.        ]
 [144.01824582 144.        ]
 [144.34259137 144.        ]
 [144.43514016 143.        ]
 [143.07163209 143.        ]
 [143.62309714 143.5       ]
 [144.79810191 145.        ]
 [146.75772227 146.5       ]
 [148.00906488 149.        ]
 [149.86760249 150.66666667]
 [149.94425985 150.        ]
 [146.83504405 148.        ]
 [143.62267909 143.        ]
 [137.52000346 135.5       ]
 [129.38300788 129.5       ]
 [124.7417702  122.5       ]
 [118.90789893 116.5       ]
 [114.02156938 111.5       ]
 [110.20582063 106.        ]
 [105.59706559 102.        ]
 [102.85606203  98.5       ]
 [100.6299391   95.        ]
 [ 97.78160738  92.        ]
 [ 95.30332958  89.        ]
 [ 92.70832843  86.        ]
 [ 90.00085085  84.        ]
 [ 88.7072763   83.        ]
 [ 88.64419691  85.5       ]
 [ 92.65588435  89.        ]
 [ 97.27872567  93.5       ]
 [102.51636891  96.5       ]
 [105.5464487   99.5       ]
 [108.23099742 101.5       ]
 [109.18186709 103.5       ]
 [109.34627952 105.5       ]
 [108.94172168 106.        ]
 [106.45791711 106.        ]
 [104.19872896 106.        ]
 [103.34259552 105.5       ]
 [102.49458775 103.        ]
 [ 99.38287546 103.        ]
 [100.58924748 103.5       ]
 [101.96336445 107.        ]
 [106.47383433 111.        ]
 [110.97187171 118.5       ]
 [119.78068958 125.5       ]
 [126.74356222 130.        ]
 [129.43361475 132.5       ]
 [130.67261853 135.5       ]
 [134.02251129 137.        ]
 [134.9301324  137.        ]
 [134.15218969 138.5       ]
 [136.74773049 137.        ]
 [134.93286085 140.        ]
 [139.63323403 142.        ]
 [142.13042591 143.5       ]
 [142.82061101 147.        ]
 [146.68046428 142.        ]
 [137.85454611 139.        ]
 [133.96550222 133.        ]
 [127.44032011 125.        ]
 [118.33791566 116.5       ]
 [110.20318601 102.5       ]
 [ 96.48167996  99.        ]
 [ 95.84696803 104.        ]
 [105.82408332 106.        ]
 [109.18458164 109.5       ]
 [112.47581295 114.        ]
 [117.75838689 118.        ]
 [121.84692031 121.        ]
 [123.95142306 125.        ]
 [127.78849398 128.        ]
 [130.15776494 130.        ]
 [131.10358556 130.        ]
 [130.09181592 130.        ]
 [130.10906234 130.        ]
 [130.47224929 131.5       ]
 [132.75367868 133.5       ]
 [135.26829243 135.        ]
 [136.58327994 137.5       ]
 [138.98981515 139.5       ]
 [139.25467397 140.5       ]
 [138.28975314 139.5       ]
 [135.35422505 137.        ]
 [131.50504346 132.5       ]
 [126.07039892 103.5       ]
 [ 90.55793354 115.5       ]
 [112.66917795 112.5       ]
 [113.9348465  110.        ]
 [108.31096876 106.        ]
 [104.51646762 105.        ]
 [105.86156739 106.        ]
 [108.89985552 113.        ]
 [118.17140911 118.5       ]
 [123.54551922 123.        ]
 [126.07725927 129.5       ]
 [132.52704457 135.5       ]
 [137.99701597 137.5       ]
 [137.54736115 137.5       ]
 [136.33072914 137.5       ]
 [136.75037859 138.        ]
 [137.67516692 139.        ]
 [138.7967044  140.        ]
 [139.6342596  143.5       ]
 [143.94975295 145.        ]
 [144.22343157 142.5       ]
 [138.81775668 140.        ]]
