[[141.68336873 144.5       ]
 [134.64240891 137.5       ]
 [129.2372377  131.5       ]
 [122.59269027 126.        ]
 [124.31080606 122.5       ]
 [121.92662436 118.5       ]
 [121.84670978 119.        ]
 [119.56366299 123.        ]
 [124.14968822 128.        ]
 [131.88199672 136.5       ]
 [137.56123983 142.        ]
 [146.03572575 144.        ]
 [147.54374855 144.        ]
 [145.41491961 144.        ]
 [144.36740108 144.        ]
 [144.89781742 143.        ]
 [144.99926204 143.        ]
 [143.7187407  143.5       ]
 [144.96140996 145.        ]
 [146.49148116 146.5       ]
 [148.42287111 149.        ]
 [148.79541214 150.66666667]
 [149.16809202 150.        ]
 [147.09567785 148.        ]
 [142.07064159 143.        ]
 [138.35734825 135.5       ]
 [132.07381229 129.5       ]
 [124.59090416 122.5       ]
 [121.68165567 116.5       ]
 [117.16816235 111.5       ]
 [113.82287906 106.        ]
 [111.27001231 102.        ]
 [107.62594449  98.5       ]
 [106.32155726  95.        ]
 [105.14103579  92.        ]
 [102.86603564  89.        ]
 [100.95140847  86.        ]
 [ 98.73080101  84.        ]
 [ 96.38828383  83.        ]
 [ 95.78760427  85.5       ]
 [ 96.51502987  89.        ]
 [101.75704426  93.5       ]
 [107.14888944  96.5       ]
 [112.92755801  99.5       ]
 [115.64155733 101.5       ]
 [117.43269125 103.5       ]
 [116.39730055 105.5       ]
 [113.86574555 106.        ]
 [110.43235088 106.        ]
 [105.0635478  106.        ]
 [101.16441525 105.5       ]
 [ 99.80882399 103.        ]
 [ 98.86380092 103.        ]
 [ 95.87571975 103.5       ]
 [ 98.26378294 107.        ]
 [ 99.69599529 111.        ]
 [104.60476092 118.5       ]
 [108.99118805 125.5       ]
 [118.32168749 130.        ]
 [124.54795083 132.5       ]
 [126.26416187 135.5       ]
 [127.19997731 137.        ]
 [130.77636911 137.        ]
 [131.21230144 138.5       ]
 [130.57150286 137.        ]
 [134.35276253 140.        ]
 [132.59894701 142.        ]
 [138.59146142 143.5       ]
 [140.68561373 147.        ]
 [140.60256776 142.        ]
 [144.0151293  139.        ]
 [132.4377351  133.        ]
 [128.73012605 125.        ]
 [121.56530712 116.5       ]
 [112.55618527 102.5       ]
 [105.76026283  99.        ]
 [ 93.53807389 104.        ]
 [ 96.11763471 106.        ]
 [108.96542225 109.5       ]
 [112.07409744 114.        ]
 [115.77124666 118.        ]
 [121.52515302 121.        ]
 [125.09621175 125.        ]
 [126.35915874 128.        ]
 [129.86884347 130.        ]
 [131.31878296 130.        ]
 [131.59203502 130.        ]
 [130.23320548 130.        ]
 [130.61872614 131.5       ]
 [131.38267469 133.5       ]
 [134.27941478 135.        ]
 [136.93695387 137.5       ]
 [137.78737957 139.5       ]
 [139.36476955 140.5       ]
 [136.86881811 139.5       ]
 [133.7599428  137.        ]
 [129.31170042 132.5       ]
 [124.73353966 103.5       ]
 [119.14034079 115.5       ]
 [ 83.15398183 112.5       ]
 [113.72967158 110.        ]
 [113.27692813 106.        ]
 [107.34561689 105.        ]
 [105.2733066  106.        ]
 [108.72745682 113.        ]
 [112.86724736 118.5       ]
 [123.10748333 123.        ]
 [126.8151757  129.5       ]
 [127.89019885 135.5       ]
 [134.02387909 137.5       ]
 [138.20835756 137.5       ]
 [136.39405699 137.5       ]
 [135.19018721 138.        ]
 [136.01884598 139.        ]
 [137.05228775 140.        ]
 [138.05875594 143.5       ]
 [138.4213625  145.        ]
 [142.61538313 142.5       ]
 [141.08375536 140.        ]
 [133.83873896 134.        ]]
