[[130.60934314 137.5       ]
 [122.69510402 131.5       ]
 [118.15096521 126.        ]
 [112.99499199 122.5       ]
 [121.17539227 118.5       ]
 [121.03393443 119.        ]
 [123.21160106 123.        ]
 [122.21746124 128.        ]
 [129.60393581 136.5       ]
 [139.34311204 142.        ]
 [144.78514769 144.        ]
 [152.4228385  144.        ]
 [150.87589165 144.        ]
 [146.80467372 144.        ]
 [145.42478246 143.        ]
 [145.90430126 143.        ]
 [145.6639944  143.5       ]
 [144.12867726 145.        ]
 [145.91480651 146.5       ]
 [147.57471506 149.        ]
 [149.20423891 150.66666667]
 [148.30114429 150.        ]
 [146.77979818 148.        ]
 [142.0347241  143.        ]
 [134.67939708 135.5       ]
 [130.53556163 129.5       ]
 [124.42431902 122.5       ]
 [118.39709783 116.5       ]
 [118.0469286  111.5       ]
 [115.49240699 106.        ]
 [114.17180141 102.        ]
 [113.40428663  98.5       ]
 [111.25973116  95.        ]
 [112.05713698  92.        ]
 [112.44061702  89.        ]
 [110.99187632  86.        ]
 [109.71406736  84.        ]
 [107.69596376  83.        ]
 [105.36336456  85.5       ]
 [105.04458524  89.        ]
 [106.09800506  93.5       ]
 [112.2872996   96.5       ]
 [118.10221645  99.5       ]
 [124.08220026 101.5       ]
 [125.98797087 103.5       ]
 [126.41893865 105.5       ]
 [122.88547668 106.        ]
 [117.23896138 106.        ]
 [110.49058933 106.        ]
 [102.10557891 105.5       ]
 [ 96.70300939 103.        ]
 [ 95.11688038 103.        ]
 [ 94.30551683 103.5       ]
 [ 91.66154725 107.        ]
 [ 95.67863802 111.        ]
 [ 97.19258664 118.5       ]
 [102.81619802 125.5       ]
 [107.24839464 130.        ]
 [117.55464194 132.5       ]
 [122.9270585  135.5       ]
 [123.26779843 137.        ]
 [123.59349721 137.        ]
 [127.20553561 138.5       ]
 [126.61347277 137.        ]
 [125.6911974  140.        ]
 [130.61165563 142.        ]
 [128.5493803  143.5       ]
 [135.94649936 147.        ]
 [137.26487355 142.        ]
 [136.01819523 139.        ]
 [138.78224112 133.        ]
 [123.56840369 125.        ]
 [120.39059671 116.5       ]
 [112.84423644 102.5       ]
 [104.66827245  99.        ]
 [100.22978836 104.        ]
 [ 90.5764131  106.        ]
 [ 97.00942874 109.5       ]
 [113.83838591 114.        ]
 [116.95302177 118.        ]
 [121.45677123 121.        ]
 [128.06196803 125.        ]
 [131.03081604 128.        ]
 [131.10953482 130.        ]
 [133.99050561 130.        ]
 [133.92607626 130.        ]
 [132.95661129 130.        ]
 [130.74906502 131.5       ]
 [131.19634592 133.5       ]
 [132.04078742 135.        ]
 [135.2957916  137.5       ]
 [137.72804285 139.5       ]
 [137.65311165 140.5       ]
 [137.97277894 139.5       ]
 [132.02486303 137.        ]
 [126.20884837 132.5       ]
 [119.91068578 103.5       ]
 [114.66558091 115.5       ]
 [109.31431235 112.5       ]
 [ 75.84821993 110.        ]
 [115.32130585 106.        ]
 [112.91326151 105.        ]
 [106.82844283 106.        ]
 [107.02658394 113.        ]
 [113.32492468 118.5       ]
 [119.10408291 123.        ]
 [130.81867736 129.5       ]
 [132.31769519 135.5       ]
 [131.32941351 137.5       ]
 [136.78240507 137.5       ]
 [138.98921139 137.5       ]
 [135.09543973 138.        ]
 [133.58988403 139.        ]
 [134.61911964 140.        ]
 [135.45110999 143.5       ]
 [135.99351182 145.        ]
 [135.49070734 142.5       ]
 [139.30436003 140.        ]
 [135.29233021 134.        ]
 [125.640414   125.        ]]
