0.16420262212689016
0.08296993831897981
0.0578230704081725
0.05108044651233271
0.046226257249747174
0.04373003292387385
0.04164014312155455
0.0400283657469207
0.033470722306456105
0.031995590845576016
0.030905973168337226
0.027624394313075343
0.026624389389610863
0.02446188081187007
0.02210243636958975
0.020697114900738823
0.019400012149821615
0.01837693610247756
0.01698282121311528
0.015835899182639064
0.01615775071856409
0.014681922231833148
0.013738117827412225
0.013214229421690604
0.012416049268574784
0.011656059701881381
0.010981679536383238
0.010713538435054577
0.009426455842616407
0.008565264677114479
0.009547193025414237
0.008984138924782089
0.00828957024601535
0.00773801952397377
0.007603633618704393
0.008249255959682063
0.007781165425853003
0.007514061615074631
0.007044759058204068
0.006287713065396444
0.0066655380160382605
0.005971568837794422
0.006188032152868195
0.006110889395832411
0.005729631969064487
0.0054518212135776685
0.005618386317401505
0.00626220850049734
0.005595176431520593
0.005265426543554711
0.005181937676682629
0.004673698376572507
0.005520887857829375
0.005715733763380879
0.005413901138212081
0.005397609317189981
0.004966670730973453
0.004877116604562158
0.004441471066395527
0.0050773533870932825
0.004930460021024843
0.004366953599792432
0.004743905539110478
0.0050496424459769524
0.004359579151774587
0.00477599777519402
0.005136190218223904
0.004615455824522649
0.004527976591329767
0.004873735733831678
0.005312269059135251
0.005002978414529443
0.004378770049429354
0.004949052215029641
0.004257012232679106
0.004650514775753638
0.0045068236637287535
0.005268404826003896
0.005104683942998368
0.004373785765522546
0.004475975122596013
0.004310763776764183
0.004770809464231536
0.004747849901588269
0.004182348885050708
0.004437334519795998
0.004281095042757962
0.004839669347751119
0.004840894809947541
0.004896072507449771
0.005140654920538395
0.004809747096591533
0.004972107727194337
0.004583656395703829
0.005062022985802602
0.004727001953580685
0.004910144335593427
0.004569166365617632
0.004473149567938322
0.005010602672654522
0.0049961973251891455
