0.17917009532062456
0.09286453379805773
0.07492852387841964
0.06982217035828485
0.06276909229791655
0.056517139620911434
0.05190697276642627
0.045835539764951555
0.0414062968761543
0.03734535724206186
0.03268914499470504
0.03001341184743804
0.026316657210832612
0.023606247862512444
0.020935171698360948
0.01926959587321269
0.017344057573380086
0.015997266972449107
0.015128949651625938
0.01406079659003222
0.013540168487456598
0.012734671240161479
0.011781372484608723
0.011587085801432785
0.010652404934865895
0.010423161453433616
0.010260220451145517
0.010636901661134268
0.009664741065114087
0.009306558878426494
0.009199587467419895
0.00939983273632452
0.009222452135206052
0.009218478030149236
0.009667581371717122
0.009421505982512401
0.008409538171694117
0.008806659539812516
0.008738332935259495
0.009035569341193503
0.009346987759954219
0.008664317394418666
0.009367350385455863
0.008106232027536906
0.00898100539882868
0.008546506872301112
0.009040759869176324
0.008118621158151963
0.008554442864116909
0.008128939599265148
0.008379291695348633
0.008385200930461204
0.008199582567186316
0.008566197420628132
0.008098735246828177
0.00858781703392504
0.00835792211323369
0.009030570760775902
0.00809716105027742
0.007958246448979205
0.008546553551705445
0.008732667479086064
0.008868309701945163
0.008649004399052897
0.008544105628282981
0.008575366667659774
0.007891353559444876
0.008091127185215426
0.009032060062762403
0.007959774953552622
0.007972098847526195
0.008300835790360608
0.00882859742780746
0.007897530272100923
0.008439333678545451
0.009075991470930961
0.009090755537285665
0.007684835624618758
0.00795829258101932
0.008131037078256718
0.0085301438997425
0.00816210928058146
0.008907902081531133
0.008183460158494764
0.008418105258042942
0.00863708983047121
0.007587178438430159
0.007941068875693322
0.007872061750171869
0.007991029251700867
0.008892194500193686
0.008853199377659557
0.008213729283275942
0.008610315743740223
0.008090612064428298
0.008441274602932198
0.007638977160641126
0.00784265551584763
0.007808151000810402
0.008053268827009066
0.008009982321510251
