0.0920215497381877
0.05579600918393991
0.049120134658573775
0.04142808264862917
0.034837556172110255
0.02991892909893418
0.025404936914281424
0.020384545929527757
0.01834576268519999
0.015905430512580324
0.013933352683283683
0.013101819045487798
0.011584475744790408
0.01074810381893403
0.010013058631148035
0.009250813618932976
0.009036391254268751
0.009010678472494739
0.008400738464070138
0.007341469806890903
0.008036332235605521
0.008371465173750852
0.007283980851421305
0.007661349412423405
0.007256082382658019
0.007543833491204445
0.007659776655454847
0.007616622920756811
0.0074768828172686475
0.0068562645804294145
0.0074159780277127454
0.006961496120956452
0.007077070282374393
0.007467519187347989
0.007085080642909382
0.0072109282538545885
0.0068335897737500815
0.007176805461319522
0.0072997573208604906
0.007184959757049747
0.0070440000013074966
0.00703200404374199
0.007437280543219281
0.007167332211601014
0.007230987219331958
0.007197014680509594
0.007468520761725255
0.006677898031884179
0.006793450210396599
0.006607149500186926
0.006697208774245913
0.006934107103550648
0.007112085133081637
0.006795334624293363
0.0067093916217620606
0.006954232987743741
0.0065117429423502205
0.006569227306646532
0.006843529422361862
0.007407398601620341
0.006508763314084948
0.006656499768806749
0.006328910490042984
0.007400067958164003
0.007100570468779439
0.006824396774042683
0.006917212066676853
0.00696840853765876
0.00713702310514951
0.007672119004555178
0.006995202576644227
0.007134174144696537
0.006745785572442471
0.007383204066185878
0.007127937980694698
0.006495440554607878
0.0071137891628699846
0.007399479813441551
0.007715233802646442
0.007213341464410976
0.006692022237447568
0.006925105013536258
0.006924297490985852
0.007210741529365742
0.006849630389783433
0.007407155016387574
0.006736464394727033
0.006843096707165856
0.007608298055058227
0.00683474853687846
0.00645860171406643
0.006283625092588202
0.006671547866649918
0.007304331384678873
0.007201591437620587
0.007480015594525596
0.007234393947907127
0.0074244582554167495
0.006736807651976566
0.006661452969358249
0.006906984171787279
