0.15982763047550674
0.1198434005755464
0.10755359811572332
0.09870411793138399
0.08884073967884826
0.0805986094901418
0.07191597443650002
0.06321480854214163
0.056486442994727167
0.04971435270637698
0.04485971139850938
0.04010371242962605
0.03612683992872089
0.03235760333781525
0.02942259235042355
0.026117961740244573
0.024873348537240703
0.022234862934249425
0.021007170191963916
0.020265415552179474
0.019151862812951035
0.018367620202715096
0.016753511841086918
0.01645452195828915
0.015659760996083964
0.015132778508330178
0.015192054770215058
0.01466906778459163
0.013798565786556381
0.013982603277865355
0.013866516026407458
0.01316940760573099
0.012684704042861992
0.012647023601617445
0.012289550988470762
0.011561954949251661
0.011669087432373172
0.011779993382133638
0.011378187761777521
0.010505461788578167
0.011504485724879611
0.01116002141266236
0.010968767911007028
0.011203333521023425
0.011108872966044979
0.01113341600784471
0.010244222389692026
0.010775514985732053
0.01104044705692079
0.010779445068465314
0.010206047024890579
0.010325749101254045
0.010311354130829566
0.01030263636168943
0.010608994506619694
0.01087483313867925
0.010717129134652156
0.010106500054515898
0.0106554592604127
0.010276346495860776
0.010662798697779152
0.010099750284950346
0.01067810212554658
0.010347681673170963
0.011147990611785381
0.010326322388119476
0.010096380617259947
0.009916086587415456
0.010682238020118957
0.00951371459722302
0.010029613045992833
0.010633825510273361
0.009936621932873113
0.010386974452558892
0.010721026223988938
0.01047350446488883
0.010084179213588755
0.010724848811439858
0.010159299791385116
0.01000783405303726
0.00974738266137007
0.009980563295158338
0.009873561940086525
0.01067255578086276
0.010230999140834515
0.010408381700966578
0.010131172126971939
0.010622339383164855
0.009564459903003373
0.01057821001783431
0.010067796198441236
0.010325365810793971
0.010779038587057756
0.010424353963703113
0.010065227018529178
0.010564178788846024
0.01017403076449425
0.010257118608656466
0.009703720350290039
0.010038015898470845
0.010546474113178564
