0.25686795445518157
0.12560446358989508
0.08887387818853637
0.08083949748590984
0.07422321223614044
0.06543366773616661
0.056015278721761506
0.04981767057154566
0.04462033662852672
0.04068256523559516
0.03885313336510229
0.03594752307526165
0.03266706497728221
0.031341021806720284
0.029559213160763244
0.02790248808414507
0.02516339363748747
0.024721455504369414
0.022915456822695204
0.0223341978142131
0.019811366364558713
0.020025187456508123
0.019267286681167995
0.018364238145996033
0.018149256510432046
0.018016766676388747
0.016342636555468453
0.015869031837269714
0.01570416854509648
0.01563815923492524
0.016627501850911497
0.01386979522994068
0.01473884435748567
0.013944722569852587
0.014155516201965715
0.014725960553742994
0.013491932665256024
0.01420258608491464
0.01315239855832232
0.012933307309109944
0.013186016139599287
0.013997358269012014
0.012211002288829775
0.013148521008965627
0.012596615267850211
0.013635949629311783
0.012787868577270914
0.013947544767414836
0.012424299373070834
0.012011971351718253
0.011990959941377478
0.012724638615286011
0.013399380691021688
0.014048028410833354
0.01332516175233761
0.012551925308791154
0.012977953625552608
0.012705272668264682
0.012542611543337577
0.01335568522958694
0.01248416699926831
0.012375314754513153
0.01256033680668189
0.012402062406622252
0.010920197687030786
0.013501422639725534
0.013600238098132045
0.012330680589591352
0.012238657527744874
0.012096406628674925
0.011559935038851969
0.012967994559111117
0.012716208639393371
0.013334230696770989
0.011867258206966087
0.013627511420112124
0.013213542554271897
0.012340386159312797
0.013309404833963824
0.012590354511299476
0.01296821556472518
0.011552311503820748
0.012097297877532599
0.011829975139296726
0.0126828901012462
0.012774132045292074
0.011997823321757573
0.011752128164944997
0.012293337235609306
0.012917476560162046
0.013062867493761164
0.012048210873179801
0.012349375103525458
0.011615440191557655
0.012805154980425249
0.012242568054584834
0.011085275694408325
0.012939737925604534
0.012236457106424181
0.012794087961531444
0.013515530759956484
