0.24304744936374545
0.10770009602264032
0.06918529169609992
0.05915718049453836
0.05610137111459717
0.05241328821753625
0.04751087521308189
0.04825598908405269
0.044547001181148356
0.03854639919482946
0.039772616381903166
0.037511537042043026
0.036181160533277794
0.030958493105307343
0.031117247363587768
0.02847817778598066
0.027313636006347904
0.02416306791895035
0.022809760128216523
0.020400484089977966
0.019969546004441455
0.017134807339297006
0.01650549618491593
0.014962315789084865
0.014210594752860095
0.013513360622981219
0.011944472963987795
0.010953201284590146
0.010430195961871403
0.009644612393894343
0.00906806618952917
0.008656177176314216
0.00844472286349405
0.0073299416591035916
0.0069982648979810555
0.006866566239943584
0.006448875920523247
0.006548673989718928
0.00540155274618415
0.005843411964339292
0.005516091371149647
0.004837131344647105
0.005373112566282858
0.005000469933946378
0.004357239756413219
0.0044286169564277545
0.00436855744341269
0.004336790277039844
0.00392550626273445
0.004048923462239716
0.004530871911780187
0.0043865023619598245
0.0036043720924429598
0.0038261728373349875
0.003715088333934696
0.004045823449037812
0.0036550003795232638
0.003986073498401076
0.00404003856747772
0.0034885501060924573
0.0039644470018777205
0.0035245470679568106
0.003464265422462859
0.004295052755787832
0.003850320052721542
0.003882859632193215
0.0037305825267713567
0.004047050790825802
0.0033480944136822528
0.004021905641537909
0.0036998105110924006
0.003872530752195307
0.003436075558685841
0.003351097496767875
0.0033381203238976747
0.0036280678209725833
0.0032453442907022173
0.003061038668931467
0.0033424605980966063
0.003033308011770254
0.00351130767655346
0.0037730069126645843
0.0033746262801502866
0.0031607450045249915
0.003649722949052527
0.0034256971794930434
0.003207081744343306
0.003022026612262587
0.0038077130159674586
0.0033305135886984266
0.003564774705989259
0.003306698544299577
0.0034406843144893988
0.0036814693091068366
0.0034187354958469776
0.0037268829305528543
0.003208655309466918
0.003647268902295547
0.0032288154841662786
0.00396587716113093
0.003190462801418317
