0.1927407039179183
0.11163219038569225
0.0997873852537807
0.099956610435699
0.1010795077340955
0.09806585046610342
0.10003870914877017
0.0989649290975154
0.10062560609468961
0.10051155230592601
0.09930120605107813
0.09975334792537847
0.09982389712882764
0.10018753378103942
0.09962858323973961
0.09918793824746176
0.09857265510500338
0.09930423579337078
0.09926185350383958
0.10053127581622173
0.09759488333943317
0.10107228472923442
0.09816579126838389
0.1022035762919469
0.09911408188355525
0.10060626977046547
0.10076471352837697
0.0992978608879838
0.09732740099932774
0.09943719701087657
0.09760100654461068
0.09967053744369603
0.10059045097574024
0.09765102348627666
0.09909055013121278
0.10071459780424938
0.10038707784709315
0.09912102126473478
0.09848411359984655
0.10048752205247939
0.09828520730836361
0.09779407608270073
0.09842383577838038
0.09886501471280139
0.0992379454611769
0.09891585683719312
0.09988898641889261
0.10032992576380462
0.09714262970724218
0.10038491325747063
0.0991751821391877
0.09898168685096555
0.09913812532352573
0.09810587684087008
0.09924068428716429
0.0998358672655258
0.09939161524234136
0.0987266885504111
0.09775423294118876
0.09863784224462487
0.09765393764747048
0.10060756868130355
0.09912316120482617
0.10062003140401776
0.09892373657997314
0.09813303331127653
0.10174614698997228
0.09806449793344763
0.09963821187403932
0.09940888264758586
0.10016191623864072
0.09806414175353301
0.09862587596389291
0.09893198242113851
0.0984960141812551
0.09881464310636244
0.09935700673310797
0.10028765629442689
0.09996377823759851
0.09788299143317855
0.09779488252925832
0.09744977441194608
0.10089041889076568
0.09995788706908118
0.09896772344528416
0.0989934268183876
0.09729135499077826
0.1015665059001934
0.10018105716366356
0.10054059342049412
0.09684328758318232
0.10032739000594791
0.10036024129294058
0.0992633990702643
0.0981851647329105
0.09854272909636276
0.09851127845653508
0.09939394795164082
0.1021499220316316
0.10088601928376109
0.09966652965640115
