0.3132154864783273
0.23147423220410313
0.17680346881115447
0.13616401841934037
0.11008554595291985
0.09089109703717696
0.0800199880465443
0.07029415517728596
0.0620590507257389
0.05419491836244852
0.047825460608277005
0.04165309169811569
0.03640416858096343
0.031112789427345407
0.02612385191873603
0.02249751124229491
0.01887015021849674
0.01676031317505881
0.015065667621797486
0.013838606084492002
0.013438531135016314
0.012682503358294099
0.012692930033354035
0.013073924296790851
0.012577222877219312
0.012660916168216891
0.012101315442991532
0.012234844083215643
0.012393428551884265
0.012281210605500865
0.012683492191605125
0.012724314432826263
0.01296462778501234
0.012155968783586914
0.012998191618705194
0.013230401851661664
0.01262318743946467
0.012717319524545936
0.012314634310703367
0.012358734509477593
0.012649004025092935
0.01260333922467324
0.012632629701708349
0.013007109922717445
0.012082308540096662
0.0126196646742696
0.012650852184947407
0.012826171659546361
0.012471336534102692
0.013015976143053052
0.012847702695250618
0.012858103053465533
0.012677461612736175
0.012065597222428328
0.012438950892520886
0.013100500541364302
0.012513262731200177
0.013429442327853947
0.013157641128120356
0.013262642846538329
0.01221972331368335
0.012538172042118349
0.012333182008174633
0.01267501457610708
0.012414296986277138
0.012504021596689632
0.012493009273550888
0.012809547319502745
0.01292820406926712
0.012587025494484124
0.012722093238173566
0.012706108042335003
0.012388142004894994
0.01237097077359736
0.012761730792798177
0.01305011942929649
0.012525551717116175
0.013099718897887488
0.012908158214903029
0.01351224914986886
0.012621804138094071
0.012529298054113854
0.01289448247242372
0.012328177147043417
0.013101756380578795
0.012029924446506815
0.012888178347971322
0.013366235199419442
0.012809516555940882
0.013300790292644327
0.012471284171147255
0.012925511439493186
0.012394697142658754
0.013083886367233686
0.01258173789811836
0.012112089143515867
0.012839480501507298
0.012870870363376138
0.012857151095497224
0.013174816457896822
0.012311988040643759
