0.198536062918415
0.11868396707177059
0.10195837207217383
0.09529785956654795
0.08845614819768147
0.0826813806504846
0.07513296207441879
0.0677197740086465
0.061617933236728956
0.05480341870586721
0.04875476098798608
0.04245432721803465
0.03853192035193635
0.03500146431723617
0.031995362345428074
0.029289450963600798
0.02719093317305651
0.024864760831636187
0.023034903453716924
0.021283006899606965
0.0200312651671173
0.019122275789628666
0.018864532764906797
0.01933957961774593
0.016979614042556174
0.01689257759724836
0.014766308465771604
0.014622220760869222
0.015556062046849428
0.015198550430028716
0.014457101730727374
0.012813584587389657
0.014576477111187144
0.013842284953493886
0.013793271363134466
0.013395728230698652
0.012754195582478513
0.011766637333058792
0.012923239104350432
0.01158905372115475
0.012471469754484876
0.012140996870015863
0.012389714942822625
0.011669916173876653
0.010844555170131723
0.010686779959352934
0.011755555569551586
0.011334397581218927
0.010816265206729146
0.011064471732194837
0.01104085548481791
0.011112403769871628
0.010679841149551502
0.010755371894096852
0.010306578996776629
0.010019500522361106
0.009567287885493525
0.011437167959581673
0.01057057451864342
0.00953839829428846
0.010724655811345725
0.011088335658009282
0.009250648269675567
0.009616388646867525
0.009395522485662045
0.010680363238587195
0.009240937782372723
0.009479057937208189
0.010029282913152205
0.010696156771383726
0.011014744818445181
0.01058028103781055
0.009171398597188171
0.010451857530074406
0.008552560723820966
0.009346181530544164
0.010117275396304106
0.010098983423947747
0.008715587361471603
0.010438408264159503
0.010219206701219044
0.008936405245009523
0.009930406300731878
0.009794131398053295
0.009686999460626518
0.008995989648295816
0.009943037799246194
0.009907180111110556
0.010523164564872045
0.009335512354082478
0.010885547798617846
0.010093071143241861
0.010888330051212565
0.009945325161159625
0.010104480927164915
0.009855956102621475
0.009340386042455543
0.010057248090262403
0.009994710930142614
0.009787418611514177
0.009604625982647582
