[[149.21601673 149.5       ]
 [142.39063468 144.5       ]
 [136.94553745 137.5       ]
 [128.62092116 131.5       ]
 [127.67849743 126.        ]
 [123.45870621 122.5       ]
 [122.21619686 118.5       ]
 [118.5586269  119.        ]
 [121.82760402 123.        ]
 [126.66347491 128.        ]
 [132.03215999 136.5       ]
 [141.7938197  142.        ]
 [145.28079266 144.        ]
 [146.28451915 144.        ]
 [145.30224104 144.        ]
 [144.90788036 144.        ]
 [144.2399917  143.        ]
 [142.59494964 143.        ]
 [143.42351636 143.5       ]
 [144.25693012 145.        ]
 [146.55450761 146.5       ]
 [147.72750832 149.        ]
 [150.04242626 150.66666667]
 [149.72286724 150.        ]
 [147.00123549 148.        ]
 [143.98950561 143.        ]
 [137.07771307 135.5       ]
 [129.50440904 129.5       ]
 [125.22855386 122.5       ]
 [118.90325002 116.5       ]
 [115.18175173 111.5       ]
 [110.99993974 106.        ]
 [106.28469534 102.        ]
 [104.01458834  98.5       ]
 [101.39435057  95.        ]
 [ 98.63314331  92.        ]
 [ 96.17731875  89.        ]
 [ 93.09607603  86.        ]
 [ 89.83627777  84.        ]
 [ 87.96339448  83.        ]
 [ 87.37845518  85.5       ]
 [ 91.61365107  89.        ]
 [ 96.14562235  93.5       ]
 [102.0106702   96.5       ]
 [105.02798614  99.5       ]
 [107.96742563 101.5       ]
 [108.30017408 103.5       ]
 [108.35828152 105.5       ]
 [107.81386638 106.        ]
 [105.46135083 106.        ]
 [103.84705715 106.        ]
 [102.87636789 105.5       ]
 [101.7623664  103.        ]
 [ 98.68725835 103.        ]
 [100.48074216 103.5       ]
 [100.03965559 107.        ]
 [105.22385974 111.        ]
 [108.74499748 118.5       ]
 [118.62301731 125.5       ]
 [124.75080734 130.        ]
 [128.6018951  132.5       ]
 [130.21597938 135.5       ]
 [133.27003283 137.        ]
 [133.36962737 137.        ]
 [133.06719536 138.5       ]
 [135.9408226  137.        ]
 [133.39673961 140.        ]
 [140.315003   142.        ]
 [140.84399303 143.5       ]
 [143.24098269 147.        ]
 [147.37025073 142.        ]
 [136.6230336  139.        ]
 [136.8308793  133.        ]
 [126.10825573 125.        ]
 [118.85880645 116.5       ]
 [110.46137465 102.5       ]
 [ 97.46765596  99.        ]
 [ 99.23615933 104.        ]
 [105.25381908 106.        ]
 [106.70403741 109.5       ]
 [112.26144833 114.        ]
 [117.32402906 118.        ]
 [121.76225186 121.        ]
 [124.85586665 125.        ]
 [129.27522686 128.        ]
 [130.81720838 130.        ]
 [131.74645239 130.        ]
 [130.17544473 130.        ]
 [130.00288378 130.        ]
 [129.68757961 131.5       ]
 [132.09068151 133.5       ]
 [134.40727082 135.        ]
 [136.05116172 137.5       ]
 [139.11380575 139.5       ]
 [139.12303137 140.5       ]
 [138.68857354 139.5       ]
 [135.61537135 137.        ]
 [131.7585976  132.5       ]
 [125.59586603 103.5       ]
 [ 89.44894574 115.5       ]
 [120.98926362 112.5       ]
 [104.95807488 110.        ]
 [110.11141369 106.        ]
 [105.04823199 105.        ]
 [107.46496297 106.        ]
 [109.01113164 113.        ]
 [118.042275   118.5       ]
 [122.02018198 123.        ]
 [126.75685735 129.5       ]
 [133.43914475 135.5       ]
 [137.56808382 137.5       ]
 [137.04818329 137.5       ]
 [136.49895468 137.5       ]
 [136.47947151 138.        ]
 [137.14989552 139.        ]
 [138.43673437 140.        ]
 [139.47096507 143.5       ]
 [144.44531036 145.        ]
 [143.66607691 142.5       ]
 [139.34112916 140.        ]]
