[[141.98143336 144.5       ]
 [133.96662895 137.5       ]
 [127.86186098 131.5       ]
 [120.61187825 126.        ]
 [125.42780349 122.5       ]
 [123.42186355 118.5       ]
 [123.73106631 119.        ]
 [121.32336709 123.        ]
 [125.27638762 128.        ]
 [130.37248155 136.5       ]
 [135.96808972 142.        ]
 [145.00321177 144.        ]
 [148.02265758 144.        ]
 [148.41075864 144.        ]
 [146.69091221 144.        ]
 [145.49713947 143.        ]
 [144.33471052 143.        ]
 [142.84911292 143.5       ]
 [144.14749114 145.        ]
 [145.48741909 146.5       ]
 [147.87660596 149.        ]
 [148.40147321 150.66666667]
 [149.03005014 150.        ]
 [146.81387503 148.        ]
 [142.54767026 143.        ]
 [138.48715143 135.5       ]
 [131.65867334 129.5       ]
 [125.23422264 122.5       ]
 [122.18703088 116.5       ]
 [118.4160099  111.5       ]
 [116.36738091 106.        ]
 [113.20591523 102.        ]
 [109.75946009  98.5       ]
 [108.55806859  95.        ]
 [106.9487372   92.        ]
 [104.83715064  89.        ]
 [102.56238617  86.        ]
 [ 99.29451706  84.        ]
 [ 95.70808591  83.        ]
 [ 93.85242156  85.5       ]
 [ 94.00411314  89.        ]
 [ 99.51211476  93.5       ]
 [105.46614552  96.5       ]
 [112.30644947  99.5       ]
 [115.28081957 101.5       ]
 [116.81708314 103.5       ]
 [114.67111867 105.5       ]
 [111.63979988 106.        ]
 [108.06409205 106.        ]
 [103.49972062 106.        ]
 [100.36742821 105.5       ]
 [ 98.65283436 103.        ]
 [ 97.37165331 103.        ]
 [ 95.05083107 103.5       ]
 [ 96.48263796 107.        ]
 [ 95.89250931 111.        ]
 [100.53373265 118.5       ]
 [104.48425849 125.5       ]
 [114.3366255  130.        ]
 [120.83593886 132.5       ]
 [124.6714645  135.5       ]
 [125.87744604 137.        ]
 [128.22712713 137.        ]
 [127.85678151 138.5       ]
 [127.87919247 137.        ]
 [131.45644784 140.        ]
 [130.46213434 142.        ]
 [137.93383816 143.5       ]
 [139.0907153  147.        ]
 [141.41023955 142.        ]
 [144.43912727 139.        ]
 [133.4052754  133.        ]
 [131.57437935 125.        ]
 [120.37466881 116.5       ]
 [113.49907974 102.5       ]
 [106.90888845  99.        ]
 [ 98.43348808 104.        ]
 [ 99.91942108 106.        ]
 [105.8451423  109.5       ]
 [108.93197669 114.        ]
 [115.15876611 118.        ]
 [120.88659005 121.        ]
 [125.87023648 125.        ]
 [129.0809725  128.        ]
 [132.54234175 130.        ]
 [132.85433239 130.        ]
 [132.56092477 130.        ]
 [130.24531261 130.        ]
 [129.69162135 131.5       ]
 [129.51810124 133.5       ]
 [132.38539419 135.        ]
 [135.19618413 137.5       ]
 [137.02513619 139.5       ]
 [139.22818579 140.5       ]
 [136.85206518 139.5       ]
 [134.44021034 137.        ]
 [129.75960114 132.5       ]
 [124.5390536  103.5       ]
 [117.96122846 115.5       ]
 [ 90.22289309 112.5       ]
 [113.83119327 110.        ]
 [104.22141318 106.        ]
 [109.85526891 105.        ]
 [107.52103721 106.        ]
 [110.75350185 113.        ]
 [113.09068213 118.5       ]
 [121.42234422 123.        ]
 [125.4416454  129.5       ]
 [129.72652676 135.5       ]
 [134.7838355  137.5       ]
 [137.14054657 137.5       ]
 [135.8782837  137.5       ]
 [135.08120119 138.        ]
 [134.99221747 139.        ]
 [135.78194536 140.        ]
 [137.21486448 143.5       ]
 [138.20776081 145.        ]
 [142.65367916 142.5       ]
 [141.03343758 140.        ]
 [135.73793347 134.        ]]
