[[130.49447054 137.5       ]
 [121.62720361 131.5       ]
 [115.60754818 126.        ]
 [110.82291382 122.5       ]
 [123.37621614 118.5       ]
 [124.12792465 119.        ]
 [126.28669767 123.        ]
 [125.5218864  128.        ]
 [130.40613012 136.5       ]
 [136.02483526 142.        ]
 [142.09237543 144.        ]
 [150.21835349 144.        ]
 [152.33723402 144.        ]
 [151.51578538 144.        ]
 [148.42245637 143.        ]
 [145.84946441 143.        ]
 [143.81365326 143.5       ]
 [142.44728514 145.        ]
 [144.34265909 146.5       ]
 [146.3022822  149.        ]
 [148.68332209 150.66666667]
 [148.17726486 150.        ]
 [146.39275195 148.        ]
 [141.59043784 143.        ]
 [135.40487635 135.5       ]
 [130.29555227 129.5       ]
 [124.31674344 122.5       ]
 [120.14690789 116.5       ]
 [119.07761081 111.5       ]
 [118.56674832 106.        ]
 [118.53506776 102.        ]
 [116.75789033  98.5       ]
 [115.01960301  95.        ]
 [115.25775558  92.        ]
 [114.92802524  89.        ]
 [113.52142164  86.        ]
 [111.18999652  84.        ]
 [107.27187351  83.        ]
 [102.85322238  85.5       ]
 [100.73628842  89.        ]
 [101.68816742  93.5       ]
 [108.85937847  96.5       ]
 [116.62949037  99.5       ]
 [124.61237013 101.5       ]
 [127.20049215 103.5       ]
 [126.55934231 105.5       ]
 [120.95502088 106.        ]
 [114.01264736 106.        ]
 [106.99586147 106.        ]
 [100.30312959 105.5       ]
 [ 95.86849739 103.        ]
 [ 93.63137729 103.        ]
 [ 92.33202027 103.5       ]
 [ 91.09634339 107.        ]
 [ 92.02759281 111.        ]
 [ 91.22194952 118.5       ]
 [ 95.23236201 125.5       ]
 [ 99.87532831 130.        ]
 [109.84176658 132.5       ]
 [116.77333411 135.5       ]
 [120.26767093 137.        ]
 [120.41933953 137.        ]
 [121.24355638 138.5       ]
 [119.64401617 137.        ]
 [119.72021196 140.        ]
 [124.05626572 142.        ]
 [125.19914074 143.5       ]
 [133.38106355 147.        ]
 [135.34105959 142.        ]
 [137.45583039 139.        ]
 [138.78967762 133.        ]
 [127.55693713 125.        ]
 [123.13472661 116.5       ]
 [112.15554783 102.5       ]
 [106.66905537  99.        ]
 [103.09896912 104.        ]
 [100.19480617 106.        ]
 [101.6712697  109.5       ]
 [107.68038682 114.        ]
 [112.83822879 118.        ]
 [120.11302769 121.        ]
 [126.89508235 125.        ]
 [132.66097173 128.        ]
 [135.84351113 130.        ]
 [137.65041329 130.        ]
 [135.83271189 130.        ]
 [133.43961905 130.        ]
 [129.73899959 131.5       ]
 [128.43732218 133.5       ]
 [128.33915227 135.        ]
 [131.77663519 137.5       ]
 [135.16651605 139.5       ]
 [137.09684321 140.5       ]
 [137.91905705 139.5       ]
 [132.20941605 137.        ]
 [127.07100018 132.5       ]
 [120.39040333 103.5       ]
 [113.80995889 115.5       ]
 [107.50705026 112.5       ]
 [ 91.51884335 110.        ]
 [105.52067001 106.        ]
 [104.18312011 105.        ]
 [110.47894206 106.        ]
 [111.3917992  113.        ]
 [115.70155218 118.5       ]
 [119.10266236 123.        ]
 [126.7984796  129.5       ]
 [130.83901057 135.5       ]
 [134.29795697 137.5       ]
 [136.85249202 137.5       ]
 [136.47696598 137.5       ]
 [133.87777206 138.        ]
 [132.5044971  139.        ]
 [132.16011259 140.        ]
 [133.00076164 143.5       ]
 [134.52421075 145.        ]
 [135.33180715 142.5       ]
 [138.81854966 140.        ]
 [135.9070606  134.        ]
 [129.34728017 125.        ]]
