0.43586420233213186
0.19977458213572663
0.09481934748173106
0.07767923295613402
0.0686403061981836
0.06048221199220095
0.05710212445670995
0.052991256131591724
0.04997340095104329
0.04698616596446249
0.04406326378099606
0.04224827031857356
0.037022730456718965
0.03546464766196116
0.03240226742890438
0.031465992126237644
0.028524338895015974
0.027937408794538182
0.02600361460644678
0.02354004271932926
0.02333619883944898
0.021980373964561626
0.020881970112508957
0.0200979658786702
0.018801105785308917
0.018008665915478384
0.017371681398476408
0.01715283725675227
0.016533259390416614
0.016112389370827977
0.01545671004697439
0.015043198859922956
0.01465475144983084
0.014024547948901981
0.011901564298258949
0.012978810052118992
0.012255208652200762
0.012366684472586143
0.012326675666424746
0.010943906219759403
0.010247916924232795
0.011166538849241969
0.0105427073935756
0.01028796333591321
0.010008807248431255
0.010582638067883388
0.009364986571324958
0.008922800649207006
0.008973288716566826
0.009670546210719378
0.009379422049373008
0.009043214787577527
0.00848416006586905
0.009020287571671497
0.00914578583237284
0.009321304819430772
0.009448470103923034
0.00862015453251843
0.009231584968179206
0.008192856976086741
0.008753769133909023
0.008161391028402052
0.008620145128555794
0.009130530179537931
0.008222297342054161
0.008641918228080988
0.007595166871675761
0.00817241741090703
0.008441338377106505
0.00851128675848229
0.008971205316644658
0.007953988769393057
0.0072333742675623645
0.008365226179839064
0.0077351628266519095
0.007657068763881656
0.009192847278155312
0.00848391341189693
0.00835883817972835
0.008132663637925901
0.007947577503156876
0.007914718282352058
0.006881082719646614
0.00811929163956969
0.009335310603792097
0.00788182140913561
0.007567695975746597
0.00792788592806791
0.008500416755193538
0.00826230660324893
0.008400017343184872
0.008221466716445665
0.009276728509303488
0.008112710881324469
0.007709750484654079
0.008212180031121627
0.008280301065764524
0.00790314164716933
0.008266876969906118
0.008088502195525251
0.008517561778060718
