[[0.45219892 0.4306341 ]
 [0.30634499 0.32961278]
 [0.33425635 0.30295047]
 [0.33806499 0.29022715]
 [0.31366361 0.28386105]
 [0.30822383 0.28184997]
 [0.30082724 0.28055357]
 [0.29337309 0.28625848]
 [0.28846857 0.28954878]
 [0.28118345 0.29467105]
 [0.29676254 0.29565698]
 [0.32239676 0.29629015]
 [0.37509441 0.29775302]
 [0.41512532 0.31305105]
 [0.45151151 0.52370012]
 [0.8054316  0.70600923]
 [0.79838511 0.6740545 ]
 [0.61106427 0.50448445]
 [0.38606187 0.3460901 ]
 [0.26894543 0.30909107]
 [0.3222398  0.30064793]
 [0.29942482 0.29369173]
 [0.28901025 0.29019362]
 [0.2892419  0.28668757]
 [0.29142554 0.28468818]
 [0.29854156 0.2801938 ]
 [0.29962105 0.27583432]
 [0.30312365 0.27370492]
 [0.30458376 0.27035973]
 [0.29663869 0.26513497]
 [0.28458004 0.25958705]
 [0.27256986 0.25409162]
 [0.25982538 0.25010212]
 [0.25175743 0.2430877 ]
 [0.24449849 0.23704227]
 [0.25331333 0.25394492]
 [0.31272969 0.27758772]
 [0.35723116 0.37805358]
 [0.52583614 0.5058248 ]
 [0.61608452 0.42402938]
 [0.33622075 0.29710765]
 [0.24295248 0.24896283]
 [0.23833565 0.2393755 ]
 [0.24745474 0.23652855]
 [0.23822566 0.23554078]
 [0.23155484 0.23867597]
 [0.23188555 0.23789   ]
 [0.22413909 0.23887452]
 [0.22727425 0.23946555]
 [0.22995224 0.24059787]
 [0.23832799 0.24325408]
 [0.24962941 0.24721737]
 [0.26171183 0.25025375]
 [0.26801474 0.25508905]
 [0.27523047 0.25953635]
 [0.27866238 0.26342983]
 [0.27441728 0.26856492]
 [0.27363827 0.27387863]
 [0.27706129 0.27920727]
 [0.28757936 0.28685845]
 [0.30436887 0.35159495]
 [0.4199453  0.45978987]
 [0.51851947 0.50078713]
 [0.47890153 0.42379207]
 [0.35058898 0.33746572]
 [0.29602273 0.29489227]
 [0.2878175  0.2939395 ]
 [0.31472369 0.34802063]
 [0.40133719 0.64164572]
 [0.83720948 1.06024563]
 [1.24961181 1.328144  ]
 [1.31124861 0.91038222]
 [0.41246052 0.4891912 ]
 [0.35013832 0.33859598]
 [0.32739495 0.30047488]
 [0.35804341 0.28312415]
 [0.33578375 0.27830142]
 [0.33961001 0.27488822]
 [0.32300246 0.27530763]
 [0.31439345 0.27578477]
 [0.29459714 0.28052635]
 [0.28785414 0.28666018]
 [0.29350659 0.6789349 ]
 [1.01044841 2.5632385 ]
 [3.62789898 3.90734967]
 [3.95481257 5.06154283]
 [5.4520612  4.278677  ]
 [2.91695911 3.00537617]
 [2.45965163 1.746906  ]
 [1.02516376 0.89345032]
 [0.75105036 0.53570292]
 [0.58903099 0.39746703]
 [0.45086629 0.35211122]
 [0.33820763 0.33105205]
 [0.27038611 0.321686  ]
 [0.28002937 0.31137132]
 [0.32588373 0.30205293]
 [0.42724351 0.294767  ]
 [0.54781469 0.29056278]
 [0.62514024 0.28715485]
 [0.63159575 0.28611982]
 [0.58044348 0.28729163]
 [0.53609322 0.28570832]
 [0.44958885 0.2870087 ]
 [0.3560306  0.29063947]
 [0.3051657  0.2958276 ]
 [0.31517659 0.29991155]
 [0.44335912 0.30595582]
 [0.66427571 0.36677432]
 [0.93563192 1.00315185]
 [1.97519146 1.4677415 ]
 [1.8106607  1.50005933]
 [1.43258521 1.3646045 ]
 [1.16476216 1.08210835]
 [0.85245111 0.72516717]
 [0.52529816 0.49203272]
 [0.43852321 0.3896513 ]
 [0.394336   0.3778135 ]
 [0.41670295 0.39708775]
 [0.42776896 0.34608875]]
