[[0.30798139 0.32961278]
 [0.26222913 0.30295047]
 [0.37540046 0.29022715]
 [0.40904677 0.28386105]
 [0.35844277 0.28184997]
 [0.34444514 0.28055357]
 [0.32052072 0.28625848]
 [0.30001453 0.28954878]
 [0.28128941 0.29467105]
 [0.28042864 0.29565698]
 [0.34111577 0.29629015]
 [0.44577221 0.29775302]
 [0.58446265 0.31305105]
 [0.66928445 0.52370012]
 [0.70574782 0.70600923]
 [1.02802038 0.6740545 ]
 [0.8339396  0.50448445]
 [0.58381091 0.3460901 ]
 [0.34386605 0.30909107]
 [0.24421353 0.30064793]
 [0.33359756 0.29369173]
 [0.29063111 0.29019362]
 [0.27473877 0.28668757]
 [0.28266942 0.28468818]
 [0.30122575 0.2801938 ]
 [0.32719269 0.27583432]
 [0.34485989 0.27370492]
 [0.35654305 0.27035973]
 [0.35636179 0.26513497]
 [0.33671089 0.25958705]
 [0.31108567 0.25409162]
 [0.28825558 0.25010212]
 [0.26694754 0.2430877 ]
 [0.25923779 0.23704227]
 [0.26645013 0.25394492]
 [0.31050184 0.27758772]
 [0.42090688 0.37805358]
 [0.48878625 0.5058248 ]
 [0.64869253 0.42402938]
 [0.67161024 0.29710765]
 [0.32575676 0.24896283]
 [0.22717749 0.2393755 ]
 [0.24577364 0.23652855]
 [0.25799905 0.23554078]
 [0.23636863 0.23867597]
 [0.21927836 0.23789   ]
 [0.21334325 0.23887452]
 [0.20052537 0.23946555]
 [0.20676813 0.24059787]
 [0.21645813 0.24325408]
 [0.23759099 0.24721737]
 [0.26192684 0.25025375]
 [0.28415962 0.25508905]
 [0.29357039 0.25953635]
 [0.30004462 0.26342983]
 [0.30332053 0.26856492]
 [0.28956195 0.27387863]
 [0.28283061 0.27920727]
 [0.28914681 0.28685845]
 [0.31106258 0.35159495]
 [0.34051676 0.45978987]
 [0.45826637 0.50078713]
 [0.50877661 0.42379207]
 [0.44206701 0.33746572]
 [0.31902602 0.29489227]
 [0.28810034 0.2939395 ]
 [0.29930698 0.34802063]
 [0.33238496 0.64164572]
 [0.411932   1.06024563]
 [0.75074812 1.328144  ]
 [1.08446694 0.91038222]
 [1.0615822  0.4891912 ]
 [0.18189913 0.33859598]
 [0.32658856 0.30047488]
 [0.39349325 0.28312415]
 [0.45961137 0.27830142]
 [0.42604269 0.27488822]
 [0.42433662 0.27530763]
 [0.39003233 0.27578477]
 [0.35815521 0.28052635]
 [0.31556873 0.28666018]
 [0.30535707 0.6789349 ]
 [0.34356541 2.5632385 ]
 [1.11504781 3.90734967]
 [3.1318699  5.06154283]
 [3.50506592 4.278677  ]
 [4.74718518 3.00537617]
 [2.31068065 1.746906  ]
 [2.31486187 0.89345032]
 [0.99856111 0.53570292]
 [0.98488339 0.39746703]
 [0.78843618 0.35211122]
 [0.4895745  0.33105205]
 [0.21546262 0.321686  ]
 [0.09342831 0.31137132]
 [0.16908999 0.30205293]
 [0.37611249 0.294767  ]
 [0.72414698 0.29056278]
 [1.09269795 0.28715485]
 [1.22208567 0.28611982]
 [1.21232188 0.28729163]
 [1.02926873 0.28570832]
 [0.86446122 0.2870087 ]
 [0.62536419 0.29063947]
 [0.41990414 0.2958276 ]
 [0.36811879 0.29991155]
 [0.53842159 0.30595582]
 [1.00560815 0.36677432]
 [1.60575255 1.00315185]
 [2.06346163 1.4677415 ]
 [2.96459114 1.50005933]
 [2.1678269  1.3646045 ]
 [1.31823612 1.08210835]
 [0.98453454 0.72516717]
 [0.73605824 0.49203272]
 [0.47285652 0.3896513 ]
 [0.45529295 0.3778135 ]
 [0.41277018 0.39708775]
 [0.42736999 0.34608875]
 [0.42408545 0.30974888]]
