0.1277825591983233
0.07735961947003521
0.06611889921591894
0.061048779189173556
0.05604722964983301
0.057466164035628965
0.051258665911380404
0.05194909921865321
0.04671495778906846
0.045387606776069636
0.04175578078011964
0.03916457274116095
0.036818661042080855
0.03281220480716511
0.031463351267285944
0.028802164625430695
0.027931742354787622
0.024460178303321648
0.0234958203101707
0.020660933098032488
0.020426615945503775
0.01939971607899967
0.019006828572146188
0.016501395073012362
0.015487027287339595
0.015587609242951725
0.01431432946773225
0.0133112126446933
0.01292905075521262
0.01220979688580549
0.011446932804881113
0.010926478036285357
0.011440555326018854
0.010091446102918301
0.010210523606462522
0.009035455952538643
0.009822099263463184
0.008941518554731262
0.008797058042890238
0.00845394612626958
0.00888174700151501
0.008202205252878712
0.007963389582101
0.0077274912535009515
0.00713140539432142
0.00787593428934667
0.007239576553237912
0.007058476474454856
0.006838218798288615
0.007117797909488315
0.0068699768015496165
0.00678126903034488
0.006671114239717702
0.00671525234412415
0.00656968065136375
0.006583375643738408
0.006617298983013054
0.00643176247342171
0.006515775802482006
0.00650679685623682
0.00638165530674775
0.006476007690366949
0.0067001716545195935
0.006300709806428433
0.006975291523445045
0.006225153433870669
0.00633041219309959
0.0061103785041329555
0.0058814901450295705
0.005967191908153645
0.006142337234159277
0.005660279510875266
0.005977714816635559
0.006623506273234746
0.005952474482565263
0.005505349516330958
0.006229610283893604
0.0057026171372978884
0.005795108823374259
0.005444853180010319
0.005497655983480747
0.005516920189090847
0.005870816134082606
0.005854049087295964
0.005819321348158958
0.005671499547004043
0.0056230398618946536
0.005757274123895048
0.005959433645358386
0.005532962626681594
0.005412388342301761
0.0057476011806385325
0.0056437162645496955
0.005674322950711359
0.005576172239615856
0.005297800235076438
0.005398935822478494
0.005506300767041129
0.005258979574427318
0.005836451242597545
0.0054777751182031546
