0.14532189508594412
0.0962022310392031
0.08560073230697174
0.07686407041556238
0.06878160689683986
0.06000426611246764
0.05056754708244066
0.04576546674445145
0.03992034341860153
0.03502867925592027
0.031116832476971477
0.027493476861165354
0.024532566652617844
0.021712507361265142
0.019542115446483124
0.01798408517440572
0.015336325451603502
0.014488986323904187
0.013916891466095958
0.01227827308233006
0.012796338096557064
0.011402410475378466
0.011246589798445174
0.011575188889833022
0.010692299751998908
0.009719820192864303
0.010246749679092986
0.009736201429654714
0.009315994877743443
0.009074540896891163
0.009176624091940689
0.009415246781255337
0.008977759495292016
0.00924909580221638
0.00874202863985673
0.009386255823202473
0.008651811945395984
0.008993851843080864
0.00920990342663984
0.008666527179757669
0.008849942588741682
0.00917533504881648
0.00879630732806168
0.008872441114194425
0.008501107302083389
0.008776057097135392
0.009114355429866165
0.008255467076682533
0.008289309699847694
0.00831011749892788
0.008738717313284496
