0.10046305096234243
0.0942537531391005
0.09607121571466788
0.09493376809806825
0.09402042712081836
0.09501576267659398
0.09416213682819079
0.09493356907494235
0.09416635541037212
0.09413491098869928
0.096278841987784
0.09695792212583336
0.09464763004950535
0.09511119687188578
0.0934104433441299
0.09545126740107607
0.09408297728161087
0.09491620472505884
0.09695703203971853
0.09667431441307615
0.09539727866427093
0.09726675768804549
0.09507334873204974
0.09489409404902373
0.09326049369450569
0.09410515233774264
0.09577596166019571
0.09504914456869654
0.09459178872538948
0.09298193446304588
0.09376890815822131
0.09552573831738832
0.09611979621664697
0.09432743586387267
0.09360556165491396
0.0927193268699406
0.09590735590506379
0.0933503398978777
0.09411416353309257
0.09731967500190365
0.09630558682671497
0.09538520675690819
0.09601859900867848
0.09622490690303193
0.09549781008759267
0.09614690070542514
0.09595549018889368
0.09575650240872101
0.09336979990309899
0.09662628015583338
0.09184524300695775
0.09084986065994177
0.09597401145513364
0.09359171448121548
0.09661419939754069
0.09419494787101793
0.09554183934289132
0.0959227442820003
0.09425834299001289
0.09505832127272575
0.09284836570985604
0.09389308400716469
0.096164191404772
0.09569881545646192
0.09574630134479216
0.09585857818843248
0.09302642782703635
0.09610148515041976
0.09423953209034562
0.09344881615485681
0.0940739807597884
0.0952999654727124
0.09509023947193233
0.09689835871664804
0.09636078485283829
0.09515153045123076
0.09531553180922468
0.09511132946607567
0.09480794489360002
0.09666863733486027
0.0957777586148154
0.09418351074415135
0.09432100501507178
0.09486973653332141
0.09393907551585555
0.09504051250291996
0.09576542883110033
0.09484340435821469
0.09234565046178887
0.09516557113688148
0.0957561064245776
0.09524859877971188
0.09469266114391414
0.0941985395434571
0.09619987109615831
0.09409206197519555
0.09540847173591616
0.09520601244233277
0.09625793718071265
0.09547787417837156
0.0926415715113398
