0.3287150989887104
0.17060571741209551
0.10428738330628591
0.095736175625304
0.08610947712211062
0.0801629069906017
0.0718764253209349
0.06374886117191239
0.05744922772415347
0.05027080260742108
0.04437829251125689
0.04047609181100584
0.03672208683568961
0.033195466594176284
0.030505195438413086
0.026846609063996267
0.025714113089248956
0.024246188980506386
0.02226946226878101
0.022172290292443934
0.01977640413594813
0.020316237040621847
0.017159497573659685
0.017518454694540674
0.01673890921658415
0.016578764472122656
0.01559201268065035
0.014290945517112026
0.01336346773002707
0.013096840231615519
0.013037205611267725
0.013535345846866734
0.013018890279988425
0.012526455842807352
0.012379398406456936
0.013028304085537856
0.011592567024625746
0.012022313022213772
0.012003948721885548
0.011651153545473287
0.012234199307910155
0.011100578023215768
0.011066436680845252
0.01138547549711458
0.011097408162728353
0.01083169246925045
0.011761754044308396
0.01001175164238514
0.011759011125451021
0.009920068298695258
0.010781604884061272
0.01064641298815182
0.010757810183422659
0.010734924093629692
0.011276842319558904
0.010507509418638561
0.010314768382563967
0.01093091531817294
0.009458019459639908
0.009821775886623951
0.010013200019332869
0.009879209338473968
0.010788444270502781
0.010266334703935188
0.009602287508922313
0.010870438350514393
0.009939972774109185
0.010648192886471387
0.009807385417916903
0.010223460934640782
0.009649172393139541
0.009721900825754646
0.009198176041476668
0.0098691003345285
0.010178970980171717
0.00926366620386205
0.00936322615324394
0.00954005334071383
0.01045504695751303
0.009939458534801148
0.010249692053386383
0.009559106779557595
0.010718354478219146
0.009642238275599289
0.010298803930710775
0.008279515772728691
0.010333226893093172
0.009178122124976875
0.009260773666083874
0.00860953022317798
0.007746089350724693
0.009128512830086158
0.009016530084418979
0.010097802335695398
0.009346589615616782
0.009740393698623253
0.009718846058781703
0.009558297170178429
0.00954064441884408
0.00948486404132276
0.01006705659529472
