0.7380722692085392
0.6013701206325424
0.46092129300517537
0.3125239061675928
0.17832882563953018
0.09580050835032046
0.056073839612032904
0.040783005395177256
0.03520035639122349
0.03140082228764359
0.03115901032589505
0.025869736607258022
0.02468267278065735
0.022768871888672337
0.022677627316708457
0.01972238995333359
0.01796341739719946
0.01571454280972491
0.01420355431571011
0.012605235061937439
0.012281914591320364
0.00959036650027122
0.009057000842867263
0.008851969030101006
0.008049237502620944
0.00762116433865281
0.007434389047864148
0.006753980649084847
0.0071735974413360375
0.006510147067870066
0.006733623923789024
0.00646189866293842
0.006593484170411938
0.006672660120580396
0.006161682761437901
0.006586351580263562
0.006963263870437774
0.006422816164712148
0.006598116787304836
0.0063367989653287035
0.0061716461573339924
0.006522119057152616
0.00653227014747829
0.006492009203997844
0.006509195754378366
0.006283333086505963
0.0069456189876927294
0.0060785769712522995
0.00647823907299323
0.0069746220940779535
0.005809282116674387
0.006371823184285025
0.0063972829943332345
0.006915293392799221
0.006133509404277348
0.006804928446198422
0.006358956398263099
0.006153400724845282
0.006026652643926572
0.005861301139685935
0.006445832167078395
0.0064570411130854925
0.006615633370028068
0.006518702646457523
0.006249882498035296
0.005829842889815278
0.006062046530450018
0.006135125855000189
0.005965168198656361
0.005848988806138534
0.005908212772687957
0.006608180032473327
0.006256564177336711
0.006137027718502125
0.006099449080650825
0.006392064080347114
0.005904153239580136
0.006075372398444954
0.005806404645084725
0.005953104373790131
0.005638932451604434
0.0063943332873850215
0.006211160485841674
0.0062703717889677065
0.006515136056064184
0.00646121314345482
0.0061700910309332065
0.005820920918711493
0.006319947348686161
0.005677165685807066
0.00608794581408935
0.006304442493838563
0.0059706845751955435
0.006371163074119078
0.006403802064567109
0.006439873537563193
0.006308562878229833
0.006570485739114257
0.006157494583629509
0.006337870938194244
0.005834698691588793
