0.23309119575260032
0.09594559217280603
0.059431154526851285
0.05263437779883972
0.04742660198980412
0.04792681754688869
0.040654388969950675
0.040168847015778435
0.0362132217621558
0.031505536082159176
0.030081081018059487
0.028481433624910808
0.02647724350926038
0.025958918588509877
0.023939214200447534
0.021412087625692716
0.021369892050235362
0.019132838995866715
0.01882095915848059
0.018410583288313995
0.018500701058874185
0.017242678682326193
0.01775592274907533
0.017167813426884865
0.016078113496751305
0.014783879627522476
0.014438953068494107
0.015459562128076068
0.014691474449176897
0.013746357952904758
0.014567854924693743
0.012945433046671406
0.011956307135668332
0.011985806406936673
0.011888310954584935
0.012271163058440745
0.012489256243362707
0.011547367638328554
0.012310501731231398
0.012114585770352595
0.011616904198550722
0.0121563897088976
0.011177786485635091
0.01111332970071126
0.011409603658446066
0.011963314623881048
0.011242198593829201
0.010434552453015614
0.01061786171399424
0.012168022793539145
0.010606841881142148
0.009987170585904601
0.010648241599879415
0.01162495062705965
0.010643980560484044
0.010037883149279829
0.01044324156670638
0.010315745776117534
0.01143769428748533
0.009731536716955931
0.010409324652156172
0.011107393535494224
0.010754271232824218
0.011132038957611466
0.01064565819363759
0.010330008454429718
0.010628032587993528
0.010886021923048474
0.010611664109142903
0.010744553090536476
0.01065338996672521
0.011004684983986325
0.011212527670375942
0.009913817375459755
0.010291737762496768
0.01055213722697097
0.010133316369912614
0.010750356838684727
0.010560597070549585
0.010943387646387106
0.009696616126030557
0.011485748970965524
0.010899487419190081
0.010301766933732729
0.010631670933030678
0.01083297451204727
0.009724531311124574
0.010138243166911616
0.010436646782940621
0.011307339811989106
0.010011930484118074
0.010081780703938583
0.011224667222497955
0.01131852198195015
0.010976817519019163
0.01060074648876529
0.009843727183540716
0.01094032860214488
0.009952946028363864
0.010506802102916282
0.01013274186053678
