0.08628667184301621
0.08232776429755116
0.07632119733529517
0.07007445557665168
0.06414768702925408
0.05764592875842675
0.05107181451617444
0.045084665662368587
0.03966073311929241
0.03486833751718837
0.031670736046474975
0.029102441443987284
0.026302712074246313
0.025318023796329216
0.023880590960590004
0.022871507930455445
0.023977606206828227
0.023406195265973755
0.02293998133640965
0.02333041506996805
0.02406923807518205
0.02290739509244923
0.022546387919598267
0.02304781035947609
0.02273611570092298
0.022858853948980136
0.02255785227455603
0.02252668205773723
0.022748886220753866
0.022934979234253094
0.022418608818714072
0.02201070811706656
0.022201844440507316
0.022508975621169953
0.022201881481832265
0.022365309793171105
0.021986826208001083
0.021610457731425406
0.02193611023547959
0.021859756470309626
0.022261789525809327
0.022286759423165062
0.02199338298921585
0.023379989259582422
0.022035550684711445
0.022822235546033392
0.02264118594074749
0.021960203063385725
0.022526682635000655
0.02216875537732677
0.02264361379445832
0.022866573798379444
0.022025965467029434
0.022338300843228694
0.022179333497444168
0.02209685251834451
0.02181359126478728
0.02207784695535946
0.022592309975385198
0.02200402815643895
0.022275084755186466
0.022273377102297928
0.022270650478453807
0.02249621617078242
0.021964779359742274
0.022371754679195856
0.022281635429173892
0.02166264505429503
0.021965244258722913
0.022240037435670486
0.021979164129106027
0.022214410126035637
0.023118522239698236
0.02225268918449277
0.021560960163805154
0.022293161214362273
0.021884092761812583
0.02306163244989117
0.021973975676433437
0.02190270590204159
0.022337438190279342
0.022151900053233982
0.022203269289814108
0.022954592034058068
0.021813070444388162
0.022652009294964318
0.02229959707158801
0.022385137987249636
0.022310918897703116
0.022570199314574785
0.022772091457516117
0.02203725314382241
0.022315269704710365
0.02202092192756275
0.021785822353989934
0.02153168491322086
0.022184335287942145
0.0222144473812741
0.022397434375421712
0.02210246613240792
0.0224274359664466
