0.15667208434938149
0.11486237356295674
0.09790488593944195
0.09617083808188118
0.09476375063355381
0.09435334252850065
0.09437443896653752
0.09498852164514557
0.09389214466525539
0.09274294479674929
0.09526234181995637
0.09415133161488264
0.09366041075161179
0.09426256188743813
0.09428688411518221
0.09442528424803412
0.09272122830818212
0.09592888657015303
0.09738755089772104
0.09361967473410918
0.0933038022521364
0.09374478277770597
0.09561303904211459
0.09586609292385925
0.09442004644163661
0.09528848472168593
0.09491902603785371
0.0959404065582581
0.09528835861097484
0.09531086975452847
0.09599488286857837
0.09653667377360504
0.09520414734159789
0.09448901134963689
0.0946579151564516
0.09633287174700123
0.09584705697887358
0.09477563084037083
0.09547245173473347
0.09613661083879056
0.097911894585107
0.09279064031590577
0.09363437243603467
0.09529120861915402
0.09542792529350297
0.09501853368150963
0.09464733310958448
0.09483892916876958
0.09463073362033236
0.09442479429620497
0.09437623876610318
0.09498575648711001
0.09543433065134911
0.09636297103545832
0.09667584058407724
0.09292527329022855
0.09701773840227892
0.09557337185532025
0.09300988561664168
0.09617182494618862
0.09644204749184143
0.09468856272857247
0.09514782392194278
0.0954864216127798
0.0938685558127973
0.09665873859005983
0.09645149810307349
0.09231139986026278
0.09604758713471602
0.0913161528379238
0.09348831465493461
0.09512477666485432
0.09625059292721344
0.09603418342983516
0.09401213523052626
0.09307816060590125
0.09747428593125437
0.09289276360287103
0.09584024179727248
0.09340656877617254
0.09535761259350918
0.09496213622393468
0.09458718358261799
0.09223139376832783
0.0929665323459328
0.09451367034407866
0.09566604963663433
0.09343734784282406
0.09469946298842549
0.0950594667759944
0.0950430631652827
0.0928414508670196
0.09584856024507801
0.09541446517617241
0.09566729541459525
0.09467855373137975
0.09261307596672518
0.09397547060743774
0.09550375497468329
0.09484317652093997
0.09605437914430313
