0.19525695413178581
0.1160200242282172
0.08660894491724971
0.07844102615781497
0.07448636376680913
0.06771459380871105
0.06434605265678371
0.05935022875249422
0.0550580068882803
0.05065165677683291
0.04837012466673256
0.04419669887810703
0.04071865006026578
0.03818670514059496
0.03498745744778767
0.03419330289361323
0.030680365600756057
0.029731247968882046
0.02730089167621608
0.025885774342949072
0.02452508465920065
0.02293198009019973
0.02145109960954265
0.020941892896632557
0.020226307284012805
0.019622649053706122
0.018599584385695197
0.018201056849528937
0.01762061385590183
0.01792411425721181
0.017402055851515347
0.017770442756797396
0.016470293326487348
0.01635165884129334
0.01644360857596541
0.017050757751599057
0.01689033152594674
0.0168411283293463
0.016100930692868148
0.015372659507446361
0.01613489281216838
0.015597035474386126
0.016167919920482752
0.01651232814716783
0.015562067675494114
0.016401959992257572
0.016196986745712207
0.016015440558887054
0.0162542711562579
0.01607329501375891
0.0165787258547537
0.015627100418050103
0.017175091303362047
0.01596247996102176
0.016187613720259713
0.01669968161273778
0.01646066158323706
0.015539998941743639
0.015395308816005716
0.015106434572997894
0.01627162528490184
0.016055720960096515
0.015795537366176473
0.015946006248876564
0.015569754931737996
0.01629348751622601
0.016065965777688256
0.01660367605478176
0.01543695845682528
0.015024528011908365
0.016086831109104086
0.014854303189782134
0.015419943825806158
0.014987719945450884
0.01578932690461522
0.016217069220892007
0.01547365630088597
0.016164303278481926
0.015998484019035624
0.01573179257775844
0.015046150923653757
0.015560193483281581
0.015345439131178095
0.014736163074201504
0.015093280100023466
0.0153536440583548
0.014918041011926043
0.015522314589176
0.0161790150010824
0.015525598298737583
0.015488486993399633
0.015747488246045032
0.01592108933123939
0.014691565591045778
0.015378826361452614
0.01595571419881086
0.015583562138406639
0.015391415512490158
0.014950260008781595
0.01586151772454066
0.015116223986175672
