[[149.70982016 149.5       ]
 [143.38621907 144.5       ]
 [137.18438323 137.5       ]
 [129.56639106 131.5       ]
 [127.95831634 126.        ]
 [124.13913546 122.5       ]
 [122.27327041 118.5       ]
 [119.2281683  119.        ]
 [120.98813364 123.        ]
 [125.73351233 128.        ]
 [131.67194852 136.5       ]
 [140.93197652 142.        ]
 [146.64400446 144.        ]
 [147.85741149 144.        ]
 [146.56877216 144.        ]
 [145.41045663 144.        ]
 [144.60578501 143.        ]
 [143.2958846  143.        ]
 [143.57869017 143.5       ]
 [144.41904818 145.        ]
 [146.30507699 146.5       ]
 [147.70033058 149.        ]
 [149.65323333 150.66666667]
 [149.92948328 150.        ]
 [147.46292816 148.        ]
 [144.27915953 143.        ]
 [138.20362837 135.5       ]
 [130.57351252 129.5       ]
 [125.41979249 122.5       ]
 [119.99827488 116.5       ]
 [115.64175615 111.5       ]
 [111.5019578  106.        ]
 [107.16156774 102.        ]
 [104.6038826   98.5       ]
 [102.54579921  95.        ]
 [100.24654706  92.        ]
 [ 97.93929609  89.        ]
 [ 94.94945771  86.        ]
 [ 91.36026701  84.        ]
 [ 88.71826589  83.        ]
 [ 87.54279438  85.5       ]
 [ 90.71304266  89.        ]
 [ 95.46706909  93.5       ]
 [101.49302421  96.5       ]
 [105.52397727  99.5       ]
 [108.91935982 101.5       ]
 [110.30302064 103.5       ]
 [110.83506936 105.5       ]
 [110.50157448 106.        ]
 [108.08120902 106.        ]
 [105.40650689 106.        ]
 [103.52704382 105.5       ]
 [101.79916371 103.        ]
 [ 98.87341233 103.        ]
 [ 98.95131942 103.5       ]
 [ 99.09312138 107.        ]
 [102.6826276  111.        ]
 [106.95767468 118.5       ]
 [115.44727521 125.5       ]
 [122.83371305 130.        ]
 [127.02771329 132.5       ]
 [128.90267359 135.5       ]
 [131.57305697 137.        ]
 [132.53135076 137.        ]
 [132.7682829  138.5       ]
 [135.29784518 137.        ]
 [134.47179976 140.        ]
 [139.01957519 142.        ]
 [141.2763182  143.5       ]
 [143.05983705 147.        ]
 [146.6604699  142.        ]
 [139.60976994 139.        ]
 [136.13086396 133.        ]
 [128.37835623 125.        ]
 [119.74947828 116.5       ]
 [111.73756858 102.5       ]
 [100.332886    99.        ]
 [ 97.92061684 104.        ]
 [103.14513148 106.        ]
 [106.38227359 109.5       ]
 [111.14786629 114.        ]
 [116.85607791 118.        ]
 [122.10693771 121.        ]
 [125.97081543 125.        ]
 [129.87563401 128.        ]
 [131.70891123 130.        ]
 [132.18801496 130.        ]
 [130.8891407  130.        ]
 [130.26381995 130.        ]
 [130.09391855 131.5       ]
 [131.96611427 133.5       ]
 [134.37895649 135.        ]
 [136.16681154 137.5       ]
 [138.743964   139.5       ]
 [139.22988009 140.5       ]
 [138.77922054 139.5       ]
 [136.16483289 137.        ]
 [132.12011918 132.5       ]
 [126.28659471 103.5       ]
 [ 98.11825797 115.5       ]
 [111.17486558 112.5       ]
 [109.09262541 110.        ]
 [108.57527431 106.        ]
 [106.48868207 105.        ]
 [106.92986697 106.        ]
 [108.97155556 113.        ]
 [116.37477286 118.5       ]
 [122.66694661 123.        ]
 [127.56691532 129.5       ]
 [133.32066566 135.5       ]
 [137.42265368 137.5       ]
 [137.57285229 137.5       ]
 [136.76787218 137.5       ]
 [136.57915332 138.        ]
 [137.19179953 139.        ]
 [138.43452056 140.        ]
 [139.57011259 143.5       ]
 [143.59161253 145.        ]
 [144.23820572 142.5       ]
 [140.46676554 140.        ]]
