[[143.60578058 144.5       ]
 [136.0423719  137.5       ]
 [129.25406686 131.5       ]
 [122.36280393 126.        ]
 [125.76841625 122.5       ]
 [123.7111615  118.5       ]
 [123.23229802 119.        ]
 [121.17159914 123.        ]
 [124.04508424 128.        ]
 [129.65527229 136.5       ]
 [136.40259213 142.        ]
 [145.62093365 144.        ]
 [150.40230044 144.        ]
 [150.32705481 144.        ]
 [147.96078836 144.        ]
 [146.03491792 143.        ]
 [144.95637573 143.        ]
 [143.89076292 143.5       ]
 [144.50345292 145.        ]
 [145.67416015 146.5       ]
 [147.5534555  149.        ]
 [148.43980833 150.66666667]
 [149.0999415  150.        ]
 [147.74685886 148.        ]
 [143.71866135 143.        ]
 [139.51624648 135.5       ]
 [133.23927807 129.5       ]
 [126.41284913 122.5       ]
 [122.49686383 116.5       ]
 [119.01795821 111.5       ]
 [116.11472788 106.        ]
 [112.89349364 102.        ]
 [109.68946572  98.5       ]
 [108.39762904  95.        ]
 [107.53800027  92.        ]
 [106.06028795  89.        ]
 [104.02367642  86.        ]
 [100.71587239  84.        ]
 [ 96.47414269  83.        ]
 [ 93.53702432  85.5       ]
 [ 92.81091633  89.        ]
 [ 97.26008295  93.5       ]
 [103.58642646  96.5       ]
 [110.88191427  99.5       ]
 [115.36843832 101.5       ]
 [118.15027238 103.5       ]
 [117.98250045 105.5       ]
 [116.15231824 106.        ]
 [113.04945665 106.        ]
 [108.05143044 106.        ]
 [103.38724601 105.5       ]
 [100.39947872 103.        ]
 [ 98.18611363 103.        ]
 [ 95.54283258 103.5       ]
 [ 95.57913242 107.        ]
 [ 95.45147412 111.        ]
 [ 98.70115532 118.5       ]
 [103.17158907 125.5       ]
 [111.74610434 130.        ]
 [119.24589405 132.5       ]
 [123.25463855 135.5       ]
 [124.78516463 137.        ]
 [127.10340647 137.        ]
 [128.11584472 138.5       ]
 [129.01974349 137.        ]
 [132.36133396 140.        ]
 [132.91035499 142.        ]
 [137.69333409 143.5       ]
 [140.39537123 147.        ]
 [141.88954387 142.        ]
 [144.56226857 139.        ]
 [136.77956712 133.        ]
 [131.66373189 125.        ]
 [123.1626721  116.5       ]
 [114.79958717 102.5       ]
 [108.25231674  99.        ]
 [100.01253562 104.        ]
 [ 98.34929952 106.        ]
 [104.06931526 109.5       ]
 [108.52840872 114.        ]
 [114.34460036 118.        ]
 [121.05596513 121.        ]
 [127.01519431 125.        ]
 [130.80345008 128.        ]
 [133.51584977 130.        ]
 [133.85458628 130.        ]
 [133.05989441 130.        ]
 [131.16399925 130.        ]
 [130.36646712 131.5       ]
 [130.48602929 133.5       ]
 [132.74032269 135.        ]
 [135.496708   137.5       ]
 [137.29909121 139.5       ]
 [139.14371436 140.5       ]
 [137.63247668 139.5       ]
 [135.40660066 137.        ]
 [131.24869297 132.5       ]
 [125.89668668 103.5       ]
 [119.5100558  115.5       ]
 [ 95.93060315 112.5       ]
 [106.77774149 110.        ]
 [107.81972276 106.        ]
 [108.59378283 105.        ]
 [108.14628566 106.        ]
 [109.75259246 113.        ]
 [112.79394071 118.5       ]
 [120.67441954 123.        ]
 [127.24700336 129.5       ]
 [131.4549126  135.5       ]
 [135.32174297 137.5       ]
 [137.49781494 137.5       ]
 [136.83969316 137.5       ]
 [135.8436357  138.        ]
 [135.73969999 139.        ]
 [136.5620638  140.        ]
 [137.9349824  143.5       ]
 [138.96531245 145.        ]
 [142.5142984  142.5       ]
 [142.30845125 140.        ]
 [137.43319239 134.        ]]
