[[135.3325345  137.5       ]
 [126.93304129 131.5       ]
 [120.32846007 126.        ]
 [115.05311831 122.5       ]
 [123.86079376 118.5       ]
 [123.58063132 119.        ]
 [124.4572394  123.        ]
 [123.51172768 128.        ]
 [127.5525225  136.5       ]
 [134.20730717 142.        ]
 [141.9036955  144.        ]
 [151.07397041 144.        ]
 [154.85860751 144.        ]
 [153.52275653 144.        ]
 [150.12336763 143.        ]
 [147.43930769 143.        ]
 [146.02400478 143.5       ]
 [145.04021534 145.        ]
 [145.72201358 146.5       ]
 [146.86794514 149.        ]
 [148.30746837 150.66666667]
 [148.23144525 150.        ]
 [147.22590319 148.        ]
 [144.0655411  143.        ]
 [138.59421668 135.5       ]
 [133.58942518 129.5       ]
 [127.62356521 122.5       ]
 [122.22833368 116.5       ]
 [119.92707738 111.5       ]
 [118.43286706 106.        ]
 [116.93657998 102.        ]
 [114.76715917  98.5       ]
 [112.84323627  95.        ]
 [112.91766709  92.        ]
 [113.33506376  89.        ]
 [112.74422027  86.        ]
 [111.02186937  84.        ]
 [107.43291979  83.        ]
 [102.56311072  85.5       ]
 [ 99.32317838  89.        ]
 [ 98.97134377  93.5       ]
 [104.59373261  96.5       ]
 [112.28201552  99.5       ]
 [120.45488094 101.5       ]
 [124.74316206 103.5       ]
 [126.11649224 105.5       ]
 [123.63789097 106.        ]
 [118.9566604  106.        ]
 [113.05229262 106.        ]
 [105.98004232 105.5       ]
 [100.13998082 103.        ]
 [ 96.80589123 103.        ]
 [ 94.71556638 103.5       ]
 [ 92.73575486 107.        ]
 [ 92.92185421 111.        ]
 [ 92.59597063 118.5       ]
 [ 95.62270313 125.5       ]
 [100.36079815 130.        ]
 [109.15246428 132.5       ]
 [116.84409468 135.5       ]
 [120.70191954 137.        ]
 [121.91125104 137.        ]
 [123.93035681 138.5       ]
 [124.97474134 137.        ]
 [126.35769614 140.        ]
 [130.22975343 142.        ]
 [131.73531892 143.5       ]
 [136.30947827 147.        ]
 [138.97028107 142.        ]
 [139.68844031 139.        ]
 [140.92190183 133.        ]
 [132.12833167 125.        ]
 [125.34097722 116.5       ]
 [116.52718977 102.5       ]
 [109.18873632  99.        ]
 [104.72075776 104.        ]
 [ 99.65807623 106.        ]
 [ 98.95543169 109.5       ]
 [105.47656642 114.        ]
 [111.32284717 118.        ]
 [118.39887048 121.        ]
 [126.26272986 125.        ]
 [132.91833549 128.        ]
 [136.52882535 130.        ]
 [138.00604985 130.        ]
 [136.88385399 130.        ]
 [134.86633485 130.        ]
 [132.3730206  131.5       ]
 [131.32554635 133.5       ]
 [131.54540505 135.        ]
 [133.87233316 137.5       ]
 [136.53945542 139.5       ]
 [137.82634142 140.5       ]
 [138.36527964 139.5       ]
 [134.52346746 137.        ]
 [130.30093469 132.5       ]
 [124.55648152 103.5       ]
 [118.17795002 115.5       ]
 [111.85669035 112.5       ]
 [ 93.77948933 110.        ]
 [102.86006144 106.        ]
 [107.00106527 105.        ]
 [109.13703182 106.        ]
 [110.26258147 113.        ]
 [113.04564418 118.5       ]
 [117.15915123 123.        ]
 [125.70772549 129.5       ]
 [132.54264554 135.5       ]
 [136.00111706 137.5       ]
 [138.02325197 137.5       ]
 [138.36944697 137.5       ]
 [136.92487114 138.        ]
 [135.67134798 139.        ]
 [135.48919559 140.        ]
 [136.25346359 143.5       ]
 [137.3941765  145.        ]
 [137.89472099 142.5       ]
 [140.4525701  140.        ]
 [138.93430615 134.        ]
 [132.676225   125.        ]]
