0.2693440994706584
0.12218143052838323
0.06784049690943078
0.057624734215117386
0.05556470510932826
0.052568034339533
0.04711772406378938
0.04582349623940373
0.043680867474309465
0.043953618855591875
0.03969706569349919
0.037689966189191196
0.036030575507684674
0.033213408202582194
0.03148089193827778
0.028432592697531192
0.026812875659538493
0.02552772179467138
0.02603665826281954
0.022998136208111107
0.02191011669134495
0.020339953701290176
0.019534049303912424
0.018002727198634504
0.018227827772299927
0.017790587560655005
0.017331333493715066
0.015278339686937138
0.015659606785149965
0.015918396078904894
0.015283059110541904
0.015483627793704038
0.013915248742767799
0.014209908441255588
0.014161747875928695
0.013363737993322486
0.012144018013864024
0.012885848424168933
0.012333913558465134
0.012829124037156867
0.012206265474962577
0.012147238915829675
0.012138048380165677
0.012377433835352539
0.011893239402719925
0.011859835462849348
0.012255234086712374
0.011549053278781283
0.010958947190595212
0.010687113748974056
0.010961145478146824
0.011162890815864778
0.012311912700429792
0.011340206201554152
0.011832419563934422
0.011050726216931386
0.0112473888964055
0.010846582720306797
0.011803139051847843
0.010709762194789994
0.010615213863648353
0.010858107170568725
0.010789787636951868
0.010503130835268708
0.010796030869151381
0.011282309048797002
0.009808369085225057
0.01044523550337005
0.01080516485551482
0.010302298075062903
0.01051532663881202
0.010658038686746075
0.010459207444770423
0.010804468850958126
0.010351250951857205
0.010628357058134244
0.011129676813004806
0.010504935480373819
0.010787134248548727
0.010166544342545502
0.010209218803196977
0.01030169750560895
0.01107909974369096
0.009434730405211766
0.010983895135441797
0.009890131057972571
0.010260028707496292
0.010313404079230462
0.009127171699474634
0.010838155739173053
0.011554175901871713
0.010545684895337028
0.010637953006619818
0.010469580035952167
0.009993842863761244
0.011585167729903086
0.01073059189866684
0.010245489661870492
0.01093765412351092
0.011120211380991877
0.010211614977393348
