0.1207543878751375
0.09105049680237343
0.08251404270470149
0.07763215799249903
0.07073554903902791
0.06103472317927614
0.05647798332895405
0.048244272349719036
0.04211158957181792
0.03765080298280417
0.03481575804628123
0.029987425888178737
0.027435767392024805
0.02614001634056939
0.02321679318666051
0.021424865631630523
0.019004165263732616
0.01683281682320162
0.014896827152288196
0.014092364372427668
0.013172872596129552
0.01211886269827654
0.010534342899973419
0.010015044346821343
0.009138429808399127
0.009191906629468286
0.008213321130504424
0.00806978538480564
0.007585204261232154
0.0070850616487592956
0.007154615482904526
0.006951279546987145
0.006324807012974869
0.006301437162369363
0.00647026619085922
0.005964181222372582
0.006192030324618208
0.005565753271366665
0.00581782973349559
0.0053917814494487066
0.0058850334798075605
0.005087149749018823
0.005382420594964505
0.005100706404278932
0.0050639820941234225
0.0050980870576967045
0.005104584698308258
0.004713948313578237
0.005121168594718593
0.005162987518365612
0.004864909164967702
0.004756455583981276
0.004878045271402355
0.004714577311050237
0.004474790263262416
0.00525620687399323
0.004572077498181935
0.004639834854016829
0.0048807006408684685
0.0043801082479833255
0.0044243449213979364
0.004356645839139226
0.004600834957919519
0.005105261697624759
0.005005901000249351
0.004529033132373658
0.004789283922610567
0.004379638387382616
0.004710748826052742
0.004781254111343752
0.004582782440159914
0.004337927612629794
0.004899985126277152
0.004633093837639225
0.004220373372373649
0.00423233797111019
0.004470276941545174
0.004519722546019359
0.004367364430009564
0.004481803842451115
0.004384709849083579
0.004456596202515844
0.004511412086848062
0.004260872953695886
0.004566207024112165
0.004430825052632931
0.0045356637255426465
0.0040046670905042785
0.004015277152601424
0.0044782065125976555
0.004118891844338643
0.004466773210998855
0.004903520245262486
0.004315748840431852
0.0045609842330932215
0.0039477260910705135
0.004435601261500458
0.0047662309562371144
0.0043769998620884895
0.0042102034318350105
0.003926302503585476
