1.0407129263064552
0.7938179967844654
0.6160165846797199
0.4643955614610769
0.3299837955737355
0.24612703139175696
0.1745588023885969
0.12278692052915978
0.08329068852433072
0.0596421976686795
0.04443040239621703
0.035891523270420854
0.030643753036872567
0.027098475505579672
0.023744126671145588
0.021863867032533665
0.01986482731440396
0.017861694248738888
0.01698029418260399
0.01619862012065924
0.0158392102057586
0.014583541315615345
0.015372658267483855
0.015155203819829165
0.015362561918698761
0.01443672449399801
0.013771021220711518
0.014794777232623724
0.015013965896108226
0.014235329554224165
0.014841890603254186
0.014699023358464881
0.01592931426018389
0.014571138858359298
0.014767329761902334
0.01589514544344448
0.015003003483502341
0.015227081187103484
0.014275923694240156
0.013836102037670014
0.014130175537424013
0.014273211705047438
0.013657471480861756
0.01484226408082788
0.014518319234287537
0.01541260293654718
0.015675019854005313
0.013658951522826236
0.015249594934434148
0.014880116673009904
0.014870971894975674
0.014600014955375364
0.01500956355074864
0.015475629013924738
0.014646981066757856
0.014763022022830967
0.014305185739575512
0.014916740667817643
0.014851208824428698
0.013315649888708552
0.013614402022987537
0.014931011351196085
0.015049224562667647
0.014717655020141444
0.014984562407419785
0.014346167258449515
0.014818793746933626
0.014475192801927177
0.014372579055077894
0.014464549713285398
0.015089534810136036
0.014149252865842244
0.014827957477988034
0.014674384627162394
0.014643670885362406
0.01453865871229095
0.01414412209069311
0.0144383973415647
0.014797456142388003
0.015087965275364696
0.015328690832301716
0.015210489815783637
0.014539582443532399
0.01438116527302513
0.014345361336169662
0.014435177435361513
0.01415836050563152
0.014529977806510407
0.01455537570740409
0.0149791550468388
0.015118308396933641
0.013892350076940804
0.014694444657109586
0.014504784098218483
0.015595649781791995
0.014634162777415024
0.014885255865901373
0.014332718920910774
0.01411395255821951
0.014043048086513124
0.014201127985490237
