0.6846279827372422
0.43133824799931614
0.2217014022242463
0.1361175398078845
0.11865270123562942
0.1153426592385668
0.10679939713377015
0.10040156509042807
0.09384152358812131
0.08568657848063764
0.07691940252192442
0.06827429382361176
0.05934014641190281
0.05052515058993235
0.04377444386918527
0.03711255369458701
0.03242123917752349
0.028083505720756824
0.025943504575999723
0.023830462803291465
0.020911724792024522
0.018513861500366255
0.01921632213479074
0.016205165596046477
0.01612031277391221
0.014312047810756791
0.01311516046905802
0.013361232783559121
0.012538655775386945
0.011511511274617005
0.010785770606274399
0.010588593665159803
0.009972181602422294
0.010579068693422178
0.009896820023863538
0.009233773280124627
0.009363197700471714
0.009145516698539838
0.008860196192718299
0.008582410482394689
0.008410455134406289
0.008320224227077585
0.007883457314028905
0.008005941800584213
0.007887690696596283
0.0075846444295832914
0.007898747033386458
0.0074388581042696
0.007547981278252571
0.007085154076863907
0.007153431364974803
0.007382916460871202
0.007836740756166728
0.007688766127306114
0.007020020542907336
0.007217324777284994
0.007061824096480682
0.0074985728937499736
0.007290102723028239
0.0068953603065877896
0.0064457016797637235
0.006403268882638762
0.006955857408787371
0.007113340940267537
0.006868805117800538
0.006652057910248334
0.0069367924459936125
0.006926099782355989
0.007234761020952905
0.00668677703457082
0.006825823427281733
0.007597030676021548
0.006500089227695199
0.007012511769820627
0.007076146885528551
0.006793571713690954
0.006652057328979062
0.006942588302056353
0.006694048360673804
0.007030360912180112
0.0062598943604336614
0.007065525790737781
0.00669938896321711
0.007252286384407901
0.006798204553603892
0.007253807836005133
0.00675637783518576
0.006570351354098482
0.0067643000844753946
0.006667611352413967
0.007483030637981026
0.0066800586921913424
0.007162607838482832
0.006368385128924903
0.006992730310019274
0.006723098556213103
0.007034318063907158
0.006431921260556837
0.006404866631634863
0.007402558356054165
0.006892839797460339
