[[150.1837727  149.5       ]
 [143.68667047 144.5       ]
 [137.16549203 137.5       ]
 [129.13987468 131.5       ]
 [127.15885337 126.        ]
 [123.44836622 122.5       ]
 [121.69778353 118.5       ]
 [118.6384891  119.        ]
 [120.4011474  123.        ]
 [125.25277184 128.        ]
 [131.41999734 136.5       ]
 [140.87455027 142.        ]
 [146.32173795 144.        ]
 [146.79314175 144.        ]
 [145.16405354 144.        ]
 [144.19531745 144.        ]
 [143.68585139 143.        ]
 [142.49465096 143.        ]
 [143.00840857 143.5       ]
 [144.02940574 145.        ]
 [146.15780304 146.5       ]
 [147.73327791 149.        ]
 [149.95789399 150.66666667]
 [150.37952812 150.        ]
 [147.99283419 148.        ]
 [144.82642489 143.        ]
 [138.52168096 135.5       ]
 [130.37929865 129.5       ]
 [124.82061118 122.5       ]
 [119.30556249 116.5       ]
 [114.97408727 111.5       ]
 [110.82511364 106.        ]
 [106.43924803 102.        ]
 [103.82339718  98.5       ]
 [101.6800377   95.        ]
 [ 99.14068746  92.        ]
 [ 96.49136198  89.        ]
 [ 93.17847393  86.        ]
 [ 89.53853942  84.        ]
 [ 87.29118727  83.        ]
 [ 86.66596572  85.5       ]
 [ 90.33359641  89.        ]
 [ 95.35447707  93.5       ]
 [101.40907435  96.5       ]
 [105.23606317  99.5       ]
 [108.24016084 101.5       ]
 [109.21777298 103.5       ]
 [109.52209257 105.5       ]
 [109.36373212 106.        ]
 [107.41721823 106.        ]
 [105.33628812 106.        ]
 [103.91498202 105.5       ]
 [102.47569037 103.        ]
 [ 99.61855357 103.        ]
 [ 99.42416267 103.5       ]
 [ 99.37755172 107.        ]
 [102.75886953 111.        ]
 [107.17293024 118.5       ]
 [115.37531429 125.5       ]
 [122.53788512 130.        ]
 [126.35363949 132.5       ]
 [127.89171916 135.5       ]
 [130.41680869 137.        ]
 [131.38596239 137.        ]
 [131.5734206  138.5       ]
 [134.23964329 137.        ]
 [133.33198947 140.        ]
 [138.33869678 142.        ]
 [140.80260702 143.5       ]
 [142.90768115 147.        ]
 [147.0627632  142.        ]
 [139.75953087 139.        ]
 [136.43942929 133.        ]
 [128.29710918 125.        ]
 [119.1342731  116.5       ]
 [110.80108562 102.5       ]
 [ 99.27006028  99.        ]
 [ 97.094036   104.        ]
 [102.43970114 106.        ]
 [105.71125787 109.5       ]
 [110.5079822  114.        ]
 [116.44600185 118.        ]
 [121.83286611 121.        ]
 [125.38131297 125.        ]
 [128.67938881 128.        ]
 [130.12016928 130.        ]
 [130.65210167 130.        ]
 [129.59074126 130.        ]
 [129.34541175 130.        ]
 [129.47188084 131.5       ]
 [131.69155022 133.5       ]
 [134.32794341 135.        ]
 [136.23838309 137.5       ]
 [139.08870194 139.5       ]
 [139.67217738 140.5       ]
 [139.37723146 139.5       ]
 [136.86192501 137.        ]
 [132.80052693 132.5       ]
 [126.748079   103.5       ]
 [ 96.58751583 115.5       ]
 [110.16496698 112.5       ]
 [108.88894123 110.        ]
 [108.04404099 106.        ]
 [106.01391446 105.        ]
 [106.3935139  106.        ]
 [108.46352166 113.        ]
 [116.0344848  118.5       ]
 [122.53340826 123.        ]
 [127.11605553 129.5       ]
 [132.50100839 135.5       ]
 [136.51027293 137.5       ]
 [136.61684457 137.5       ]
 [135.83401302 137.5       ]
 [135.71303254 138.        ]
 [136.40320079 139.        ]
 [137.75180208 140.        ]
 [139.04111528 143.5       ]
 [143.5699955  145.        ]
 [144.41555927 142.5       ]
 [140.73548609 140.        ]]
