[[144.44148532 144.5       ]
 [136.29159334 137.5       ]
 [128.79658202 131.5       ]
 [121.14221431 126.        ]
 [124.41301221 122.5       ]
 [122.59755426 118.5       ]
 [122.26928066 119.        ]
 [120.11210566 123.        ]
 [123.05706727 128.        ]
 [128.9220206  136.5       ]
 [135.97809281 142.        ]
 [145.20877062 144.        ]
 [149.13723489 144.        ]
 [148.08021245 144.        ]
 [145.45481272 144.        ]
 [143.90345673 143.        ]
 [143.27802839 143.        ]
 [142.41860318 143.5       ]
 [143.44696263 145.        ]
 [144.99714106 146.5       ]
 [147.38776407 149.        ]
 [148.64458657 150.66666667]
 [149.7984043  150.        ]
 [148.73662238 148.        ]
 [144.81860673 143.        ]
 [140.48011475 135.5       ]
 [133.4983273  129.5       ]
 [125.66016563 122.5       ]
 [121.31772051 116.5       ]
 [117.85556382 111.5       ]
 [115.05707035 106.        ]
 [111.76216153 102.        ]
 [108.44161163  98.5       ]
 [107.07385431  95.        ]
 [106.04670361  92.        ]
 [104.11399082  89.        ]
 [101.47613625  86.        ]
 [ 97.69249102  84.        ]
 [ 93.55189355  83.        ]
 [ 91.40883645  85.5       ]
 [ 91.58880129  89.        ]
 [ 96.81012371  93.5       ]
 [103.46891418  96.5       ]
 [110.75589477  99.5       ]
 [114.69886004 101.5       ]
 [116.7325558  103.5       ]
 [115.83006923 105.5       ]
 [113.81878774 106.        ]
 [111.29204965 106.        ]
 [107.26159467 106.        ]
 [103.58206822 105.5       ]
 [101.25752156 103.        ]
 [ 99.42814098 103.        ]
 [ 96.67273059 103.5       ]
 [ 96.38571758 107.        ]
 [ 95.96132589 111.        ]
 [ 99.23101013 118.5       ]
 [103.78358778 125.5       ]
 [111.88046343 130.        ]
 [118.57433544 132.5       ]
 [121.69996361 135.5       ]
 [122.59707121 137.        ]
 [124.62940885 137.        ]
 [125.52196693 138.5       ]
 [126.32632574 137.        ]
 [129.94118036 140.        ]
 [130.53395607 142.        ]
 [136.18279299 143.5       ]
 [139.51503715 147.        ]
 [141.77975822 142.        ]
 [145.47887084 139.        ]
 [137.30403273 133.        ]
 [132.1464261  125.        ]
 [122.66409807 116.5       ]
 [113.38494282 102.5       ]
 [106.55459535  99.        ]
 [ 98.53510253 104.        ]
 [ 97.13711771 106.        ]
 [102.89042701 109.5       ]
 [107.36162534 114.        ]
 [113.3757211  118.        ]
 [120.39598844 121.        ]
 [126.18252733 125.        ]
 [129.05874941 128.        ]
 [130.81676785 130.        ]
 [130.77907641 130.        ]
 [130.30050023 130.        ]
 [128.88739618 130.        ]
 [128.72307657 131.5       ]
 [129.33238833 133.5       ]
 [132.20393158 135.        ]
 [135.44502301 137.5       ]
 [137.59990321 139.5       ]
 [139.97374529 140.5       ]
 [138.66118332 139.5       ]
 [136.72622616 137.        ]
 [132.64985777 132.5       ]
 [127.06941854 103.5       ]
 [120.03326425 115.5       ]
 [ 93.49007403 112.5       ]
 [105.62027003 110.        ]
 [107.12968437 106.        ]
 [107.67030171 105.        ]
 [107.22054443 106.        ]
 [108.79764397 113.        ]
 [111.91496651 118.5       ]
 [120.15257605 123.        ]
 [126.64965967 129.5       ]
 [130.08436135 135.5       ]
 [133.48074177 137.5       ]
 [135.61303444 137.5       ]
 [134.91783288 137.5       ]
 [133.9396647  138.        ]
 [133.9178039  139.        ]
 [134.89008709 140.        ]
 [136.54462688 143.5       ]
 [138.00643975 145.        ]
 [142.54359043 142.5       ]
 [142.8880415  140.        ]
 [138.15194462 134.        ]]
