[[137.36389504 137.5       ]
 [127.79569794 131.5       ]
 [119.97506751 126.        ]
 [113.53017621 122.5       ]
 [122.26450993 118.5       ]
 [122.20040606 119.        ]
 [123.1630407  123.        ]
 [122.04976401 128.        ]
 [126.29019438 136.5       ]
 [133.46383786 142.        ]
 [141.6061144  144.        ]
 [150.46522678 144.        ]
 [152.51468364 144.        ]
 [149.58125696 144.        ]
 [145.67044291 143.        ]
 [143.3537569  143.        ]
 [142.56257022 143.5       ]
 [142.09908514 145.        ]
 [143.75059376 146.5       ]
 [145.91336108 149.        ]
 [148.54177633 150.66666667]
 [149.29811454 150.        ]
 [149.09007502 148.        ]
 [146.31716413 143.        ]
 [140.84251658 135.5       ]
 [135.42288036 129.5       ]
 [128.13662051 122.5       ]
 [121.21130558 116.5       ]
 [118.4381444  111.5       ]
 [116.96052    106.        ]
 [115.54259752 102.        ]
 [113.22818875  98.5       ]
 [111.16977281  95.        ]
 [111.24191863  92.        ]
 [111.49281921  89.        ]
 [110.22163083  86.        ]
 [107.48283738  84.        ]
 [102.98815683  83.        ]
 [ 98.08886266  85.5       ]
 [ 95.89808655  89.        ]
 [ 96.84961805  93.5       ]
 [103.78965541  96.5       ]
 [112.33692653  99.5       ]
 [121.05526738 101.5       ]
 [124.96894959 103.5       ]
 [125.60597684 105.5       ]
 [122.23842126 106.        ]
 [117.40976218 106.        ]
 [112.2557633  106.        ]
 [106.2201058  105.5       ]
 [101.27994865 103.        ]
 [ 98.47539396 103.        ]
 [ 96.67024008 103.5       ]
 [ 94.32943969 107.        ]
 [ 94.16321063 111.        ]
 [ 93.460794   118.5       ]
 [ 96.78310869 125.5       ]
 [101.5576044  130.        ]
 [109.62567775 132.5       ]
 [115.67896205 135.5       ]
 [117.67311013 137.        ]
 [117.38164978 137.        ]
 [118.44457543 138.5       ]
 [118.94012009 137.        ]
 [120.29616037 140.        ]
 [124.95901963 142.        ]
 [127.22550041 143.5       ]
 [133.63786782 147.        ]
 [137.87374077 142.        ]
 [140.18454788 139.        ]
 [143.17280703 133.        ]
 [133.8752346  125.        ]
 [126.73351703 116.5       ]
 [116.22500728 102.5       ]
 [107.57752773  99.        ]
 [102.81017877 104.        ]
 [ 98.05562947 106.        ]
 [ 97.48575257 109.5       ]
 [103.92712432 114.        ]
 [109.8014813  118.        ]
 [117.33700654 121.        ]
 [125.67536192 125.        ]
 [131.84258031 128.        ]
 [133.79804297 130.        ]
 [133.60741207 130.        ]
 [131.63910324 130.        ]
 [129.78064936 130.        ]
 [127.81949078 131.5       ]
 [127.7059152  133.5       ]
 [128.89437633 135.        ]
 [132.5613735  137.5       ]
 [136.50342139 139.5       ]
 [138.85661915 140.5       ]
 [140.51198806 139.5       ]
 [136.9688041  137.        ]
 [133.16142166 132.5       ]
 [127.39987618 103.5       ]
 [120.41976978 115.5       ]
 [112.84829372 112.5       ]
 [ 91.0082344  110.        ]
 [101.87030236 106.        ]
 [106.02135469 105.        ]
 [107.9295725  106.        ]
 [108.97705985 113.        ]
 [111.81073777 118.5       ]
 [116.1380391  123.        ]
 [125.27626831 129.5       ]
 [131.65688087 135.5       ]
 [133.63161678 137.5       ]
 [134.64886443 137.5       ]
 [134.59709268 137.5       ]
 [132.9064625  138.        ]
 [131.65073021 139.        ]
 [131.73947842 140.        ]
 [133.05380872 143.5       ]
 [135.06236933 145.        ]
 [136.67367047 142.5       ]
 [141.07415666 140.        ]
 [140.68151473 134.        ]
 [134.64093793 125.        ]]
