0.4050900906157752
0.16845408358754388
0.07987796459845392
0.07270698865246855
0.06482567103368034
0.05943552176653014
0.05308363500487975
0.05045383951465289
0.04667758534925904
0.04515152071999221
0.042035067486973554
0.0375860605800309
0.03320346533194206
0.03194552949973928
0.030088435402993434
0.02747225469844017
0.026657267096024954
0.024768176693575252
0.02381618352634482
0.023220354419225712
0.021477975770021376
0.019866066428485117
0.018587309893638174
0.017776662858193785
0.016622561666927705
0.01632221441402729
0.014852065964726895
0.014616015463486646
0.01455355255304127
0.014282828499400846
0.011729039333977955
0.011857363981866795
0.01238668273221248
0.012179774985447341
0.011219987953140295
0.010585523498039116
0.011461438345700278
0.01039680512783654
0.010555860318078748
0.009918633143904692
0.010790045182580548
0.009270726249291648
0.00942417672987432
0.009650786470151353
0.009219775887695222
0.008957309722968449
0.008994536222981915
0.009613657059837554
0.008749438847266302
0.009769608994160024
0.008869325596172819
0.008926776995422466
0.00841776323974166
0.008413700343995696
0.007871766653858144
0.008474966547079578
0.007822133057767121
0.008817079980581012
0.008624519318117212
0.008902197861460943
0.00846783014760177
0.008556921073460668
0.0077496235039667795
0.00820566572051717
0.008366813397854842
0.009086950961055704
0.008999888405653909
0.008819012265700692
0.008651795577302892
0.007442372051033585
0.008138963038083698
0.007994038074274278
0.007151222740529407
0.007473711213179886
0.007652364115467648
0.008235995049411367
0.00896327418188498
0.0074490449081483
0.008217148517791088
0.007403984119486863
0.008793230468873009
0.007504382184061359
0.007616521792776907
0.008608157811491716
0.00841930423011538
0.007749046209715386
0.00792367137584491
0.0070327300756427395
0.007638136371270649
0.008187539143101092
0.009333279822250407
0.008086783317725173
0.007535665231927038
0.007590776099682992
0.007736240953077466
0.008192719973552217
0.007871870386017943
0.007874542862554124
0.009226650985760323
0.007165181761319043
0.007827867419335817
