0.151926994451412
0.12197637519771197
0.09248262077266664
0.07002256638563846
0.05920638372171553
0.05411829044918006
0.0501471377654172
0.046599378316386
0.04391333903496549
0.04377238130094154
0.04079388959751088
0.03685824429021301
0.03583356426119106
0.03767155108510591
0.033964547298375405
0.03397437406762648
0.03178014606852894
0.029306773200758605
0.028528683965293962
0.026559121428781324
0.026926469615310488
0.02547751479784774
0.02448069212194759
0.02304123708352765
0.022149700246186454
0.019730046954563332
0.018223230228530004
0.0169279543306731
0.017910484751176087
0.015757171190881596
0.017347607999346624
0.014877855807461525
0.013664546168089356
0.014201503659692591
0.014337665487081408
0.014073041630734027
0.01167243126528622
0.012576389343580898
0.013022901084108559
0.012403522269816784
0.012326268480249184
0.013070940133675272
0.012035525098108844
0.01121911432710063
0.011857919724219054
0.01112206300685021
0.011793890200985837
0.012361950096355634
0.011426843282247435
0.012155748592074508
0.011770155191546004
0.011825998979755666
0.011126409497523894
0.0110900323958395
0.012030137348386904
0.01034436379275231
0.012444907879558886
0.011206979372583912
0.011031834745847059
0.011663487599687307
0.011497804047903036
0.01063302736978494
0.011964598094177645
0.011416774439809383
0.011132428617239584
0.010848590626966978
0.012054950237391806
0.011380837182126598
0.012141027186238853
0.01100925612507574
0.010843163253405126
0.011106202745152933
0.011408011949781872
0.011848125678611578
0.010741209697248698
0.010510520032278866
0.011098062034195876
0.010605364396022852
0.010348788553486041
0.010869968504358533
0.010932743639015715
0.010813241823258667
0.0118461762707764
0.010586148055823677
0.010797309987827549
0.010766995804410958
0.010886351510491665
0.010788615058022324
0.011578459662441616
0.011813554700299798
0.010607673919250328
0.010758356749721074
0.011437738838997439
0.011754567806188247
0.010897252259945367
0.011373124538086624
0.011145287907316056
0.011930982017603767
0.010476692533190047
0.009114853182326885
0.01143181928652904
