0.3941035255612161
0.15280045858713245
0.10662582484256568
0.09658598789155984
0.08079759780267542
0.07587602451585809
0.0632239682072135
0.05432558198435055
0.046732213233797906
0.04263045330875034
0.03900773407797016
0.035388225445508965
0.03326081039097239
0.029711454042868776
0.028420266456087546
0.025763893485420106
0.02530674632928609
0.0228770007750579
0.021249555864982478
0.021372464752753045
0.019934131431537657
0.018530447204641077
0.01841719785127694
0.015963424357109193
0.016473468504233316
0.01697108884375911
0.01482089531204975
0.014537968203198375
0.014138334338542766
0.013084959046710077
0.013179693181820008
0.011773588979741408
0.013810759190290215
0.012266532310408342
0.012438625355016115
0.012503884807303722
0.01151497311682147
0.011441575402472851
0.010346343534649303
0.010632286873688364
0.01052631284187634
0.009957453441288537
0.011607617087979052
0.01014915539630649
0.009555064242412861
0.011106064599681916
0.009410871407891609
0.00975431302557217
0.009312311468750377
0.01036556193341271
0.009695299308014048
0.009217831342735242
0.009709650525324796
0.009199081963451818
0.010125584641007964
0.009099454914665354
0.01031834904482907
0.009834375694202023
0.009087224111335444
0.010425281694606681
0.008695066790343478
0.009861889965164001
0.008825230529266613
0.0084155475217428
0.009964439633263676
0.008396868301451343
0.009499570996887155
0.008938085148820885
0.008591424433566378
0.009426959208352955
0.009872258120288524
0.009395917067153783
0.009016945061988456
0.009580709603146472
0.008931819654838604
0.00962961314629387
0.008679321453830009
0.01000469245044612
0.009923378451803756
0.009575954215929687
0.008663241324599606
0.0094799337590058
0.009424075761196095
0.008262425446217045
0.008674675674963746
0.008820198719068422
0.009775892437557361
0.010405548488884978
0.009328197120783336
0.008172918318362086
0.00900015123590942
0.00890023791071861
0.00942245978460795
0.008635591962422516
0.008535694628259292
0.00939054733895127
0.008709730982601185
0.00929265450052864
0.009376922093792752
0.008991832741455987
0.008771228486073339
