0.11406636620918602
0.06832813581784877
0.05363007918409443
0.04250447704744559
0.03513578091471385
0.028792161989951017
0.024082619351131377
0.020611251670448427
0.01712144994020926
0.01550645494048816
0.014055541644653918
0.012718881593669766
0.011484384147191563
0.01132289083216191
0.010642150732972104
0.010216649579780959
0.009187827311581876
0.00927337417810889
0.009231725651176269
0.008478830138555389
0.00862539613092186
0.008454341586687052
0.00795451409849838
0.007944227275952917
0.007531847986830084
0.00789899113647281
0.007828184405244564
0.007482051743339189
0.007454624328221969
0.007376759012816183
0.007521623891120785
0.007321063706789751
0.007496970651310453
0.006825684218088811
0.007349632754889982
0.007937604689482606
0.007346011395600224
0.0076719755733524915
0.007614414045153284
0.007190935855473566
0.007197613998484098
0.00671802040747764
0.006944900062021325
0.0076215107084284675
0.007297021912617556
0.007604398896416721
0.007194290740602205
0.007155376615379078
0.0072077813558873785
0.007599607564247881
0.007290319672458929
