0.5323226119486321
0.1835005239711594
0.11540334133586036
0.09471788039979943
0.08379605775348041
0.07592976213669474
0.07049072851625293
0.06642680487600384
0.058867473085779824
0.05470961825616357
0.052938844267110347
0.04844529565753617
0.04509973865144214
0.044744548610280654
0.03982237385381333
0.03834390151989014
0.036115239929972245
0.03355013818381375
0.030025947333801595
0.02723635858797959
0.025660776159600315
0.022588941995239968
0.021686185794470476
0.020677171079042735
0.017955516905639887
0.016773694371382073
0.01569936140486571
0.014885888013508134
0.01492534026315339
0.013524674640271303
0.01298266257640798
0.012477891695784615
0.012408146164397258
0.012419347983721407
0.011878761178394101
0.01101322413371015
0.0111343628689352
0.011146989415818865
0.010696687887944568
0.009933685077222566
0.011123604616287893
0.010864147658875138
0.011321748590120976
0.00978158467781887
0.010655145700479532
0.010433165273400822
0.010645843223262475
0.010794480637953944
0.009660844307621881
0.009690519167865737
0.010658206844744559
0.009658552933643571
0.00993901386434646
0.010457253806851698
0.009745730703449342
0.008687492771512368
0.009160880337155362
0.010907681455051863
0.010136025235952164
0.010963226230139496
0.00987215351377171
0.009777619289564764
0.009976179190480763
0.00933945764013207
0.010367452145057998
0.010776958372334037
0.010898235880762918
0.009808874151777783
0.008567912841729575
0.010400659999756827
0.00932046012929983
0.008848345198074722
0.009894818639689015
0.009364802836981032
0.009728658873309226
0.009054695765734276
0.009581466440206883
0.008880144172421802
0.009618531071237365
0.01023047013728621
0.009149067111156723
0.009168000205113262
0.00941043564727213
0.00861284057108274
0.010120959236500214
0.009687025252576883
0.009128026214231321
0.009973355457534958
0.009635921834977811
0.00924646391634232
0.008814114799561013
0.0084427391792068
0.010141017447193824
0.00872020512683938
0.008744812378992552
0.009889017073938102
0.009030607752935791
0.00936313210012017
0.010075556533619821
0.009368231796027896
0.00954894925581929
