0.40095743789685384
0.17530312035558882
0.07813295632326499
0.06758381868228847
0.05751250177775128
0.05391415990331426
0.047384805179825254
0.043565547428982304
0.044903792262027814
0.03963049942508148
0.03676537502335622
0.033325840095307695
0.03185008553798759
0.030235440820488707
0.028611394563127585
0.028311511679007043
0.027090846567329276
0.02550018162705084
0.024795138454465245
0.024172103489782337
0.022945012474873242
0.023071281485722277
0.02322253670201797
0.02212371127188353
0.02072045019623397
0.021084841345598154
0.02045575024718093
0.019893528631178017
0.02015685782031454
0.019135448828798578
0.018585340609747963
0.01784984976197876
0.018143567072327015
0.01814390103391022
0.018146933221592738
0.01860012840866871
0.01725292067796154
0.01695549566382204
0.018462844074224685
0.017725167849275397
0.01789188471519873
0.01687700410990742
0.017336512405296364
0.016154117342790767
0.018122070675093006
0.01606533056129748
0.01671724673692768
0.017581640170175095
0.016579652362214266
0.016780163115212684
0.016036051605230507
0.016361269094972278
0.01701552521383119
0.017734941653742127
0.018820052023268464
0.016694333922447954
0.01709821805911786
0.016647787935495824
0.016500928952304223
0.016439940579099588
0.016034726100973864
0.01624482565193392
0.01595892494918318
0.016213971188647987
0.017347961960789002
0.015586857535474981
0.015392666390764566
0.016233582960315865
0.015482763194769334
0.017585618092453525
0.016173144215677268
0.01711131286830385
0.01628469158164404
0.01621601268512352
0.01615063432117378
0.01655352439852317
0.016447280610338972
0.017073992075138694
0.016490932489105978
0.016639519036944852
0.01647992445348571
0.01585573267345733
0.014690578077088219
0.016452884275753105
0.016240485313782846
0.01596620048902902
0.015144895006471036
0.015817100682252613
0.01633863537392199
0.015772355527059165
0.015573456509152771
0.01738489915609011
0.014704647472730663
0.014761474248234319
0.016821368049156862
0.017131983856496863
0.015790639878872068
0.015976466688348318
0.016945175596848716
0.01611154746876353
0.016463602121737825
