0.10767274822670617
0.08756237046205104
0.0784049940032081
0.0702496106331514
0.06286108445857032
0.05277019835011251
0.045552267028489
0.03887634927088448
0.034403605889659794
0.030417200813271796
0.028505771832427154
0.02613976708603561
0.024254321572758634
0.022630677373989768
0.020989133605552705
0.02078068693633907
0.01822769671093214
0.018284663976905566
0.01771669174634323
0.017861621166046233
0.01724177562060532
0.01625311858008985
0.015954018467038252
0.015991508458903965
0.01594045055888218
0.0171272736696706
0.015670658524945247
0.016233134754012283
0.01629681273356208
0.01619563357078093
0.01578276721715438
0.015617420845730813
0.016197210177378237
0.016363877315894546
0.015063730100690188
0.015243100488989615
0.015993690982855475
0.015344825625405881
0.01590043787596053
0.016453296762425712
0.015253835189591756
0.015965079609621836
0.016180508116990146
0.014431345504171371
0.014807584716884765
0.015940869734074412
0.01530651213967633
0.015200017320974145
0.014742710391573691
0.015665801754260928
0.01489405785023135
