0.1573489667501098
0.07345875490109531
0.057294173273369796
0.0498894701473474
0.045747607237582276
0.044490788952854625
0.042778377129689536
0.04075241679541527
0.03689807193499673
0.036665383760927796
0.03415610532241497
0.029479699889485813
0.02947308037702085
0.028439927164564092
0.024887899910301818
0.024519771363483798
0.022520118727969357
0.022292760782857017
0.019305909247386174
0.018147383994428484
0.01816555207538205
0.01709514440661505
0.01653060745544221
0.015449301739041485
0.014743743764708205
0.013094846288432261
0.012861021762165232
0.013507925760621984
0.011666637574796638
0.011864258044898114
0.01184900941163254
0.011660027794577055
0.01105615097539976
0.011377634166426046
0.010115288611994877
0.010733691818213618
0.011029321677970804
0.010034310350222111
0.009560401521628762
0.009588957891974425
0.008842022063674416
0.01005425671654437
0.009370813060623682
0.009545718019359927
0.009674556980940895
0.008797141341145858
0.00851638808289431
0.00874753267065322
0.008761854150181667
0.008389776450591456
0.008427228527070367
0.008366436300729944
0.008443900678028061
0.00815151652031928
0.008348221170884254
0.008777352535380463
0.008853801527827939
0.007879878061396544
0.008520858246119532
0.00920211058449396
0.008280382511674846
0.008499694504025584
0.009451896619907784
0.009292032141915105
0.007631208536524951
0.009126532479801054
0.00799591905927556
0.00806698260387497
0.008821450723630407
0.008414466505524654
0.008065758463084313
0.008606684718995063
0.007666469767066906
0.008542720261519901
0.008313057806045
0.00887533749273496
0.008676147684214881
0.008959975157949012
0.008954841029376612
0.008051863503491808
0.009940946099862695
0.008644642825530905
0.00855587166496703
0.0071824713471705165
0.009022373100099504
0.007824778803747889
0.008623331629693913
0.00840988258348563
0.008308661768231028
0.007767340487143933
0.008577030731655867
0.008195026059164322
0.008575806889441484
0.007993893159405506
0.008675286258328158
0.008225273724797795
0.008526514682060225
0.00764261324320777
0.008067799567577997
0.008852373736247846
0.0070835291925666856
