0.40496915199315464
0.3190989570897265
0.2527706911452764
0.19090172217012338
0.14223605340276724
0.10061077619635628
0.07204912286060851
0.0514064339465909
0.04032531385463085
0.034348698949831925
0.030096129112034072
0.028985972033845658
0.02740372209083011
0.028295345569983418
0.0264583172466584
0.025381481445536314
0.024311018131445986
0.02527521710810749
0.02428683988396983
0.02263002436407205
0.02305131270880581
0.02309738688915379
0.021915329129261113
0.021295407431570153
0.022819097761991668
0.02236124346261721
0.021921736894957806
0.021346967306488666
0.021829728584368175
0.02191493374314657
0.02243332960530299
0.02096742864024433
0.02269012421466701
0.021725366471370817
0.021327729652900952
0.02283942228393324
0.022545198209281008
0.02196636619963012
0.021365890788546144
0.02237338462742435
0.02211600395333602
0.020939486386983824
0.021612626846522407
0.022077673024434884
0.02182768229062698
0.02065086391926438
0.02167247831508509
0.021888938434143808
0.02134460675601437
0.022049595708439156
0.021520705813556466
0.0215327033212063
0.020917162620593007
0.021405080352482262
0.0211264479805286
0.0228574759884846
0.020997873916862628
0.020972306754700357
0.021854759230045758
0.020760469304624784
0.023603909877544255
0.022527679210252404
0.021552770070866704
0.020973441633067077
0.021565364986204257
0.021466182698388896
0.02155793777752361
0.020880224684206337
0.022274472511609453
0.021141482904937853
0.02097427252684111
0.021338622480975192
0.022277287841288577
0.02225000837522692
0.021560144593257842
0.021794920483759684
0.022048375768128774
0.021104064851096754
0.02185761740492837
0.022059725467678405
0.02184703445934866
0.022536563965655863
0.02170156742253637
0.02179530974173407
0.022512297819904683
0.021722278947181765
0.022645264695434018
0.02192606263125774
0.02128821550192664
0.02076504414832113
0.023103542084081212
0.021568674146203226
0.02098979774683574
0.021636508911415598
0.021388478087914515
0.02046196051728152
0.022083727264017257
0.021783733435275024
0.021275522458769423
0.020775073093495664
0.02326409329136683
