0.11346940803900842
0.08499001692238488
0.0676814775384589
0.06127249511175547
0.055497932685677605
0.05162302993882511
0.04866620211322607
0.04738566760342029
0.04364315260369889
0.04490602229367248
0.041538658456629636
0.03882854839566395
0.036143922874020275
0.03537351094905457
0.03333294310185527
0.03279425485254443
0.028651170703044952
0.028295375334727615
0.024061613266957237
0.025682793890868475
0.02371922200223096
0.022102647856881836
0.020692505129380773
0.0203628397500351
0.01876869279515298
0.018138223170743078
0.017702553295203035
0.017244424418421524
0.01614213814993098
0.014570055985806019
0.0139734973471456
0.013489242027449493
0.013308797042104
0.012512321693592378
0.012674908490207191
0.012218863749865003
0.010885170292124139
0.011036261110513102
0.011025997166262168
0.01067257243820957
0.010794102362417976
0.009891370010147437
0.008876681608595439
0.009880682083320333
0.00933295359359436
0.00798441621962938
0.00885566205483965
0.008624991476762793
0.007933454624862992
0.0077110597513144145
0.008153503845447265
0.00765143440712958
0.007788635814316638
0.007624473708776197
0.007388668474761757
0.007205880649170853
0.0074016992808981314
0.0069820029469443105
0.007214785780373736
0.006598810571695008
0.006465521090794326
0.006806899426434785
0.006585777956036231
0.006745873430512646
0.006665963249716476
0.0068713952993486776
0.0067711827292479205
0.006589116215299414
0.006786470918091914
0.006711393174882367
0.006466926436624738
0.006721413628738555
0.006358961659610952
0.006261387697556682
0.006642279662637018
0.006679233617237941
0.006037744902940669
0.006219089824052589
0.006214321675180228
0.00632970396664306
0.006024936005841597
0.006245793907313669
0.006639786500842683
0.0059934180346802104
0.006162529730862465
0.005666928690218057
0.005754430216887097
0.0056883114723413845
0.0059383922601490835
0.005695648674022725
0.005278049478867518
0.00585523853802168
0.005849559810445705
0.0058592546558395575
0.006209419226138681
0.00540702307318543
0.005544736478571642
0.005604961005096091
0.005466359653906398
0.006081996193746432
0.005756535823840606
