0.09778343177662228
0.08106377756370041
0.07400202061354871
0.07044248256770658
0.06320752926955758
0.05788011122639719
0.051178590586586505
0.047803413724586595
0.04402824632678895
0.039822722854243514
0.03527788651564782
0.03260736717748763
0.029627530359631102
0.026827802557033407
0.02302125405726758
0.02115580657184146
0.01921970282177852
0.016928498342406725
0.015546661417095008
0.013690163740691428
0.01304203644141484
0.01239586638063351
0.011638320213395547
0.011732679085551093
0.011116855539704831
0.011140650636962289
0.010400741093339778
0.009656344109354576
0.009518891480087357
0.009592147717095104
0.009420708599257364
0.00956788014466726
0.009044825663937207
0.009140411094254772
0.009065111140301077
0.00855058647434636
0.00783089711705049
0.00832435897381075
0.008144644586793858
0.008451133372105858
0.00804710393838662
0.00795414312158477
0.0078434569508398
0.008081323522520629
0.007678653733320489
0.00754018620569928
0.00770460580785311
0.007564806044164775
0.007683652935749931
0.007251063825556429
0.00771903842270074
0.007546975009392114
0.007431855641863014
0.007292121105071348
0.007119352363110304
0.007273970465506128
0.007341380037270324
0.007017301425865741
0.0069142336762174185
0.007216415131132058
0.006973944287652828
0.007604678240059339
0.007322233489862099
0.007272976895628647
0.006832724825898627
0.007093459019484628
0.006675993435247295
0.006891991734338287
0.0062850000566663155
0.007029104452947499
0.006768161899604842
0.006769764863979081
0.0064553531855052965
0.0066429410394634935
0.006641447072878453
0.006849878958313898
0.006679593214244121
0.006625217607530036
0.006311951878624964
0.006606705914855128
0.006736937748817078
0.00614281713683178
0.006329912139066858
0.005972625682993153
0.006465114914188131
0.00664852335415023
0.006871544505514131
0.006110881249849585
0.006529306061053186
0.006600962134307269
0.006433434618978723
0.006540841918768108
0.006020572337389948
0.006242403509169553
0.0063999628132148855
0.0060280124798022154
0.006596727187881718
0.006033691592727453
0.00650914267976565
0.006316606431685946
0.006400155018689131
