0.2172331162073034
0.16371155572076587
0.1338274431714691
0.12082202360298017
0.11069023618849899
0.10671750466128539
0.09995288990900258
0.09073766849478318
0.08374006128075343
0.0745639056086479
0.06357830997549645
0.05278481348203649
0.043942382515809904
0.03706517584938752
0.03178450660733802
0.026911416985857046
0.024128473879211798
0.021830527812285824
0.02121734863140361
0.020831015122310736
0.019668544972966797
0.019336767177082066
0.01970140971854962
0.018872221840307613
0.018480530872277884
0.018350057235255342
0.0176623762135747
0.018387646457651143
0.017895470215367
0.017720739619610154
0.017862109777419123
0.017679517968962666
0.01773446372630075
0.017089066775653697
0.017777322622888475
0.017295127807896413
0.01709630661026204
0.017469845424365447
0.017274473774590127
0.017827499993584114
0.017928729540033585
0.017772079094609535
0.017128703137619578
0.017852061652012245
0.01723001964525134
0.01720772757923133
0.017440485616727845
0.017084279325189102
0.01749707786427263
0.017255172964750334
0.01734133941853503
0.017162899886846453
0.017651285939445437
0.0175981718449238
0.017562804300379844
0.017576819821718017
0.017208358276114197
0.01773998779056228
0.01742983909351674
0.017705995163489783
0.018044491514295626
0.016997970449321102
0.0174283967821429
0.017300089136085148
0.017471617944315225
0.01739767638380538
0.017653685503100192
0.017790986151294357
0.017733582793917017
0.017591434300929014
0.01721461955996267
0.018081884512259998
0.017003267666470794
0.017607458979362178
0.01695861027566749
0.017923506794909023
0.017259858652635393
0.01742810389711249
0.017419436064189272
0.016994309271877128
0.017325610296937455
0.017435238316986148
0.017511499433957963
0.01721338772254439
0.017902412161893384
0.017252132046684306
0.017479095043747676
0.017306118206442258
0.017935208239466323
0.017766587358758842
0.017865505480260696
0.01739230654435454
0.01774464405410914
0.01738519865171417
0.01756197942717613
0.017422875740074895
0.01747691006388196
0.017319428879562202
0.01769040645331637
0.017440205621923027
0.0173702530597202
