0.1012641973470472
0.08515052181865766
0.07848498467616628
0.072317134777438
0.0651196947832119
0.05742495254893502
0.04897815126308321
0.042433155850856066
0.03626025081721416
0.03072376275086388
0.02792962078359528
0.025371913268870335
0.023795441294274685
0.02389550451978603
0.023330444832461036
0.023553979538436798
0.023379987304745192
0.02239295862962956
0.022739675174607246
0.022796340837768027
0.023272400118544173
0.022947765861882623
0.0238652307999803
0.02302648660855904
0.023126836771294627
0.022720676226687154
0.02277304776662036
0.023165453558312593
0.022975924576103857
0.023765964542658353
0.023290769739250955
0.022568273713982186
0.023274145567731785
0.022628754048753863
0.022912544279658498
0.02305677390744956
0.022199352898482745
0.02355663013277048
0.023032748613745414
0.02303314207578716
0.02372931401910185
0.023105600651060806
0.02326761071794797
0.0228634619064817
0.022786040029291924
0.02326824769961167
0.02334445621558191
0.023369141066153808
0.022299775836797535
0.022469672554237062
0.022537927765644835
