0.21220328383439707
0.10460174305791943
0.0581614259941848
0.05166680794226856
0.04705635458855914
0.04386240593456391
0.03810317939988431
0.03741231182561684
0.03506556949705877
0.030753816363441364
0.02692866281610033
0.025045284311866593
0.024556079649725414
0.0211828532143584
0.020377570561365334
0.018237265914891523
0.018564087034650758
0.0172151947536386
0.015670577780594618
0.014307871662584999
0.014576617419150449
0.014228568217203648
0.012509155251168023
0.011462572185647153
0.011889418888449129
0.010992401413658197
0.011400887769759269
0.01072492324813867
0.010711754585171675
0.009501151581922234
0.010469691742621636
0.01123738805309967
0.00940672785205617
0.008406107903937539
0.008273912661731875
0.008457971007077713
0.008868193682179356
0.007924791586442425
0.009046123519719413
0.008777476209046075
0.008570234571470567
0.00799973117206517
0.007982591003961762
0.006852548372833904
0.008031861728798233
0.0067347628962821015
0.006790482747767534
0.00805746303033365
0.00823944706689474
0.007396779943577494
0.007115794267010578
0.0072016835594852155
0.0083949373602547
0.007457382591704394
0.007183995945780437
0.007667695715870591
0.0062702877262451094
0.007083118837414822
0.006785030134334472
0.007486531487126167
0.007075003326739597
0.0076570157402309534
0.007329258752904166
0.007558756515184016
0.007147902045774111
0.0066557368160212165
0.007235971379403426
0.006487911612598269
0.007337368032264115
0.005600712509901955
0.005728489421514554
0.007271233816166624
0.006113497759166055
0.006755065193339331
0.007292627825135212
0.007794100678605791
0.00625459384859712
0.007077376930990996
0.007483142318174855
0.007353615734203028
0.006296914670366565
0.007009905987709963
0.006753486099862969
0.007124754562451996
0.006040217452210026
0.007978760887288792
0.007584676997968661
0.006331533067893174
0.006323343835414667
0.007123977741926224
0.007129028653791869
0.006957242912855284
0.0065693480409340635
0.006361634197543921
0.006511894038257743
0.006124762459665561
0.006604426819163801
0.006094983362504284
0.006724403857253198
0.0067056107835508525
0.007313785008588163
