0.3896899103900355
0.26251116641130434
0.18840881349966862
0.14211167140127948
0.11581269799122931
0.10549369191132842
0.1036778977928398
0.10019270240424294
0.09718222660767782
0.09606422780302869
0.09723861070947334
0.09765780766161217
0.09670789790515265
0.09630384716161966
0.09678519917113004
0.09565807578546072
0.09756077890809811
0.09669186063566568
0.09780996079682548
0.09489586024375284
0.0956174824491285
0.09742815497444139
0.09845672613071851
0.09479280390454468
0.09895781755287629
0.09666275685444978
0.09855764538512785
0.09692328073237778
0.09602872739076265
0.09760484863856868
0.09739806648920196
0.09683496118225364
0.09677320771284681
0.0968224504909655
0.0980124277005463
0.09677065064720562
0.09800767216928206
0.09886509219617788
0.09717482284142832
0.09620157679027146
0.0964555169142823
0.09721164120938584
0.09590558089351363
0.09904249847905826
0.09658282399351069
0.09646667994211307
0.09724493513120445
0.09782598969101522
0.0968330230548865
0.09611806602678706
0.09609161562492774
0.09673933705902982
0.09922405176908106
0.0978767661884849
0.09640515114270487
0.09841586287660158
0.09586491327008072
0.09628059084988036
0.09947617567116236
0.09821664914395813
0.09644618584193834
0.09724156673280461
0.09924250476675915
0.0971311862768573
0.09795549834888145
0.0970515142556062
0.09458708234072542
0.09758937385754837
0.09610089238732404
0.096173965089955
0.09700753644758164
0.09670116100686878
0.09661417517540129
0.09612679629797395
0.09893095407314767
0.09728462327114969
0.09645300324916097
0.09629032995966591
0.09768134698405302
0.09517425788947165
0.09844879634679528
0.09670056563362144
0.09734853525844621
0.0971413719817069
0.09640043955806889
0.09855434200109359
0.09816038210610657
0.09683562092195208
0.0957064967279008
0.0987625303525342
0.09581867567785743
0.09549593949759545
0.09917959443695026
0.09598885274341819
0.09788169335480382
0.09691567152439756
0.0964601190838678
0.09911565561008873
0.09690442912331355
0.09705439999673023
0.09871564838989601
