1.0453497414592872
0.752142996435564
0.5553047439561194
0.3732954813423302
0.23821219537621033
0.14782004461632425
0.10407409517519366
0.08000638521874422
0.07202316016110107
0.06743930203792901
0.06492716954695692
0.06101295436564357
0.051698983785627387
0.05074982491047725
0.04492055630468173
0.03729946651719332
0.03258084864077951
0.027986550708528683
0.02505333932857901
0.02059459411231428
0.01787320151349832
0.01549312185024955
0.013656917113824123
0.012848764693760215
0.011725828116912243
0.011517409458747315
0.011506766473912718
0.011387395411548486
0.011467052423909866
0.011506914276320187
0.01162338419255198
0.011016688838981156
0.011743792144018751
0.011418603915703311
0.011256570931178109
0.011626239028572537
0.011323206631893326
0.01134152386252799
0.011137980346989186
0.011367993773807735
0.01121709020255027
0.01158909348620747
0.011162348102865536
0.011384881031141193
0.011164057154414295
0.011516896754400685
0.011751276424278641
0.011146287214036963
0.010748056662027354
0.011874176520627992
0.011409146540188141
0.011208454360772935
0.011560710758629578
0.011456391741179057
0.011439790912295897
0.011411768823811105
0.011266762535688655
0.012164689241716996
0.01140443932555354
0.011253320069277008
0.011023087145506642
0.011328356932017877
0.01120517819967742
0.011863337171544022
0.011432077243066318
0.011584274697272948
0.011648311105001953
0.011299062350391282
0.011388039113212338
0.011449961941834378
0.010819869723235606
0.010883115936115592
0.01140765970589198
0.01157421132726877
0.011626972784056588
0.011659181968117837
0.011431625416388662
0.011296090968741368
0.01174859210632133
0.01164271465716954
0.011319497610383613
0.01133404560847422
0.011414937543365504
0.01136752699690968
0.011186662426081658
0.011073148903747118
0.011132833450031507
0.011151082843141303
0.011722189826020716
0.01137624221750635
0.011193408494229132
0.011294249706498685
0.011083140423630749
0.01156674788638827
0.011527606957309432
0.011668929050923867
0.0110003010010339
0.010891831073003101
0.01136450985493658
0.01142955554532266
0.01167481550504425
