0.1983662414547716
0.12911978604440078
0.08493851337829719
0.05796850116112356
0.039697277002144024
0.029475562291711315
0.023812292806967224
0.019646559459672957
0.019970883435605425
0.018351550124060978
0.019236061609732683
0.01780138415938307
0.017565730095720294
0.018075350478393676
0.018362755933635545
0.01710197286781994
0.01825983857872214
0.016936099609518265
0.016846665062686755
0.017385001348782136
0.017130302017996393
0.016664227151788447
0.017577658321002766
0.016617530448756097
0.017202993641636417
0.013832836771387247
0.016236112300508226
0.01623272637798435
0.015814653920794373
0.017618841703928252
0.017435244638278318
0.015057231629656295
0.016267883658988787
0.015466250688118617
0.017253258809897455
0.01576030027214799
0.015344130256735256
0.016841335553720457
0.015333590805113536
0.01574505080271246
0.01548167600287377
0.015638288246474927
0.016311154337795515
0.016034027658844336
0.01564754611730705
0.014972558802770415
0.015583480901675616
0.015913443414214894
0.015013687075558675
0.014761130267842728
0.014935154748403803
0.014895624495057757
0.01531826915539155
0.01674142990919418
0.015817071331277664
0.014909985130313266
0.015289854695100188
0.01629943822523388
0.015734336687730416
0.01503359808227209
0.015396244428190257
0.015298846193041048
0.0146911123471321
0.014903414314772238
0.013687563047247865
0.01487528694498582
0.01353294862232648
0.014238275146850622
0.015438881250230404
0.015045474190991852
0.015122114120451492
0.015413989983397392
0.015548508079585528
0.014906588146759799
0.013475775538976593
0.014490209352419105
0.015607548215224233
0.013892125847595095
0.01481577543048692
0.01541949778460617
0.014631885648697544
0.014013687272461882
0.015534035815749072
0.014709919458551324
0.014879346569063956
0.014603766810889277
0.014357720294949163
0.015386076458994835
0.014132581328602694
0.015335699054074524
0.015570173282216656
0.01534403437566165
0.015151164904849834
0.014702153045088248
0.015405448398756807
0.014438336670539557
0.015360847413438697
0.015049337911901049
0.015417201492171184
0.01502827872645847
0.014887636594248676
