0.39655278751587464
0.17278058605956512
0.08561290555238124
0.07348202365717581
0.07280283179849967
0.06461644148498301
0.06048285405218071
0.057413291002941104
0.05173227589248008
0.04583343258096385
0.04167821586242886
0.03988236115105865
0.04046304564698126
0.03488279769356038
0.03426564748808342
0.030353219875687735
0.02982304884997828
0.027547855335778394
0.026059557321688454
0.02645229523377646
0.021968802353940994
0.022799377869346694
0.022035000409888164
0.020014522915475105
0.020445228662277225
0.01858063944249413
0.018525549602916826
0.01684579821696165
0.01658506131420077
0.01684680822265056
0.015570461336534116
0.013900036565415354
0.015278674508069499
0.01462214591890032
0.013449613393064696
0.013187028969463175
0.01357305203074683
0.01179832717373441
0.011592427378429741
0.012730159474678109
0.011942986271061927
0.011130574462166214
0.01069991193335854
0.010585311596262501
0.010546026123460128
0.010652380644510663
0.010389482491656906
0.009719033164230728
0.009091679224882436
0.00995477835922839
0.009530529346515939
0.008999923933286283
0.010008982878426389
0.008337445285869135
0.009481863709151057
0.009675776444347476
0.008369547444765132
0.008045264913752605
0.009460243055338036
0.008355751864375763
0.008534323855997688
0.00850022947509388
0.00795641034510673
0.00756977606398993
0.008863083081385602
0.008496108499892994
0.008009790949191827
0.00869535852445284
0.008715387228724019
0.008393062022028023
0.007792099286243034
0.006774951404418873
0.008132952105200522
0.0074345256527063915
0.008786534046780245
0.008021535726635231
0.008977008034737095
0.00806188228748153
0.008912521493997069
0.007582720135857639
0.009174853827022144
0.009112949586254944
0.008547670174115526
0.007790272215953934
0.007335401540456628
0.007204655736282419
0.0075952748260756
0.008366349542485477
0.008553360271661183
0.007564948335211861
0.007987185899716266
0.00815940571031491
0.007094747861705596
0.007957632251114155
0.00817234527364182
0.00794801959584299
0.008414947824930137
0.008847170512701653
0.0075520826035836205
0.007151972202114846
0.008024915635299593
