0.06956414466041959
0.04402808458523311
0.03405904370764844
0.027585350307025917
0.024155871656337796
0.021338317727973618
0.020012517991678365
0.019354193919028685
0.01964646129880724
0.018828364217652327
0.01903673221377158
0.01881196102202668
0.019027333074843215
0.01913681598206351
0.01905403643973257
0.01933017968391645
0.01925104213013876
0.018932849889771
0.019360020274012364
0.01944137146792308
0.01849550377344153
0.01886612901537646
0.01971401801093907
0.019724606627070505
0.01927356318799207
0.019505126190383134
0.018791820527422894
0.018692601072490222
0.019713124672658816
0.019186155952140547
0.01961855855296004
0.019007566053990156
0.01942101793222509
0.01894767597399171
0.019518205325196235
0.01850436113078203
0.019506302011820083
0.018942278953875985
0.01911654441249483
0.019051058191608915
0.018537641818678164
0.01945728977268895
0.018751726464941706
0.019463358958682803
0.01906593934040164
0.019163373987708027
0.019108549498178976
0.01949493026886615
0.01914446587938473
0.019214830885533784
0.019291219354568064
