0.4160143035020886
0.2840255331829709
0.19874073402251055
0.1475022321361922
0.11440610548195719
0.10506485728744064
0.09835462205286812
0.09418508346081715
0.08952798246446526
0.08282372920062647
0.07552302769813728
0.06694608182745686
0.05867250340221183
0.05050194957624165
0.04309395869683566
0.03661642489222242
0.0314660124729384
0.028078126917868734
0.02524139813223802
0.023492755508287264
0.021911256149910453
0.02087992453868217
0.02054002650542721
0.020954012765338634
0.01992216521720274
0.01943799823901236
0.019091742763136202
0.018697172880303214
0.019380303072513098
0.018429890449464623
0.019049724687899647
0.018267002096935242
0.01802776118552686
0.018417241583349106
0.017731131225475785
0.01766328937575805
0.017590304554945573
0.017586766097239824
0.017392224394633594
0.01791342809905922
0.017514744376790774
0.017746854138979997
0.0178986734387598
0.01724840091739793
0.017465270531244154
0.01716574887673437
0.01742685137414238
0.017429634336880825
0.017443261198992335
0.017926809842645282
0.017518855630387943
0.017462901643812936
0.01757766909179371
0.017261854091174925
0.017843010108346293
0.018168196441821074
0.018160361125422835
0.01784840782115346
0.017754261747786215
0.017677987640565176
0.017731846434924214
0.017875144129008542
0.01785403389304117
0.01780113608861788
0.017187897556627276
0.017216614863060833
0.017195825114474265
0.017513880158958887
0.017724481638098616
0.017648153783805114
0.017377721603641236
0.01812387704836797
0.017958933624896735
0.01790001837270352
0.01766721042766241
0.017438193042691934
0.017184358535284005
0.01773075845935645
0.017740174712392972
0.017502543862531056
0.017507298177140748
0.01732036843909266
0.017520277972823368
0.017485288098399422
0.017176348017673596
0.01711218730218897
0.018088100646432178
0.017360721033686626
0.017349619746648202
0.017903075444004216
0.017758221201393858
0.017315115498458628
0.01736063147442949
0.01749239606260986
0.017802222187973116
0.017323080552085198
0.01703521686071366
0.017178175361649874
0.017349015018703413
0.01792080082715726
0.017338122299626016
