0.09536887139062405
0.07069394877761787
0.06057149087395599
0.05041474721499415
0.042580988750319994
0.03628326978768232
0.031117801407199996
0.02637174171340258
0.024537991246720292
0.021479677128727354
0.018947588305979538
0.01876756722316139
0.01680332961151673
0.015146044819291656
0.016328203985345378
0.014548303718321429
0.01362672630562659
0.012367722061735418
0.01315654805478684
0.011891175772721137
0.01019506776790197
0.0106748830524699
0.010441307331789981
0.009525914940544852
0.00989999379802824
0.009638100649899369
0.008815630217330318
0.00873907114243664
0.008785834230322519
0.008839447040763705
0.008392696823369671
0.007864052791489872
0.00712299884065418
0.007691653338098286
0.008414636723814792
0.0070215793929882045
0.008117501731605511
0.007691635349885297
0.0076422382104444206
0.006943336451478622
0.007672048430576856
0.00676420638742156
0.00691209571964587
0.007592412625524554
0.00644095517583283
0.006852371349282525
0.007315920332572846
0.006686477114878704
0.006839470748014848
0.006776435386289883
0.006919168822505323
0.006626471349899649
0.006868342592973304
0.006842440428183984
0.006467615667021843
0.006880021600566565
0.0065123721673857275
0.006409352579942899
0.0068906528698167635
0.005918282773199353
0.00720219844087862
0.006421201971142354
0.006586582678944551
0.005943597864585804
0.006276961115743452
0.006817356911947366
0.006009694001173349
0.006354929066729471
0.006226759038567094
0.00711772377686391
0.0072060159662899435
0.006236038034272706
0.0067093310844069465
0.006334480274548835
0.006268372077586595
0.006824052554478473
0.006825547512476749
0.007194939469456481
0.0066959129016930866
0.0064485681046023546
0.006315615706843231
0.006399771281073634
0.006715099733195906
0.006053044539794096
0.006401165591796742
0.005890432199682811
0.006435299511174252
0.006226903589413034
0.0063763530799250505
0.006199450640022152
0.006657665360535841
0.006571376573230479
0.0069619539956673184
0.006748427653665327
0.006718105140581041
0.006426035902183104
0.006897574337489317
0.006701656991584815
0.006697357807908879
0.006368623316713697
0.006438084868199882
