0.29298587988464025
0.11690144184726617
0.08369294327392439
0.07154194124316876
0.062170598398914506
0.05943656831663641
0.05338892386300422
0.051803793744515624
0.048199274434974966
0.04595221698102154
0.04559834379106654
0.042092683887659105
0.0401505946500644
0.03847390491265696
0.035783891338436374
0.03533298811375579
0.03234505747299527
0.031216941179272355
0.027861607558170007
0.026216727697963196
0.02460744641098078
0.02269591607141863
0.021340070330905705
0.020062344887004334
0.018473645321041517
0.01846857266087169
0.01657453405535043
0.01721813220183733
0.01643298903539395
0.015371483890203885
0.014229721145449105
0.014364914462832626
0.013913945292300953
0.012907027671095249
0.011701732940997044
0.013099116871132535
0.01184719356803833
0.012501689442183266
0.011610687139357038
0.011258717245259155
0.011350756864995266
0.010177672187570373
0.011069752846350115
0.011200777138720617
0.010765401675332251
0.011101162220889036
0.011979192111886925
0.010968487592627932
0.01013240952134035
0.011319720066900497
0.011285635158422154
0.009660502273589923
0.011798096423880407
0.009580762398605102
0.011073249487849088
0.009698942802856799
0.011091472674908561
0.009830907331022452
0.009531265861007717
0.010032430941015342
0.009919589407866448
0.009797340203903515
0.009860177200816122
0.010597022537084326
0.010413021647738996
0.009755074882610492
0.009965992231547873
0.009959526524682884
0.010531134865176872
0.00989865779046331
0.009298110001189429
0.009873869192934212
0.010067045850484657
0.010180947691865923
0.008654104036602498
0.009711195833005322
0.00963701073277855
0.008949183926919945
0.009696935180900642
0.010013291941474841
0.009263291746007913
0.009687056961705534
0.009494377388163097
0.009906688414102634
0.009738863579700842
0.008758739397595531
0.009396400884540523
0.01036960325943945
0.009672580277378773
0.01081100555994803
0.009958107507170886
0.009569741370667682
0.00857927870286173
0.008892859914671399
0.008967228347797182
0.009044137433532277
0.009262188707066698
0.008893403830777889
0.009079483827069239
0.010362324164204583
0.010622494563711298
