0.4632919972315507
0.17560053386802787
0.10764909465957234
0.09853963956208299
0.08770526640356736
0.07945900675611327
0.06801909064263907
0.06190003887220262
0.05401077593177453
0.04775459096468038
0.04403197066068111
0.04057343228712801
0.03808030671469495
0.03483224486547879
0.032812938894383824
0.03028146124515705
0.029051583979019347
0.02708247551317239
0.026289980416640532
0.026175241766061216
0.025244065942567156
0.024457436278262114
0.023961118851738288
0.023913879188178774
0.023002784632503857
0.02266081917770959
0.022901213097796067
0.02182605449265919
0.021206817608660635
0.021689188721250526
0.021515309067996504
0.02077331912172689
0.020912015853083114
0.019797617049578616
0.02003555870659343
0.019418189289437927
0.020743899674000046
0.020613441672185377
0.020353998865581292
0.020496200152403495
0.020013538424008527
0.018721262902217158
0.019991405035360805
0.02104014656252597
0.01941178450126367
0.01904807069344277
0.0187587017809199
0.01898871271070837
0.01855379082635578
0.018977002873121457
0.01968496840870737
0.019528526394827266
0.01943319373902508
0.019718045782168212
0.01923610197957313
0.01997705629608193
0.01826908285783973
0.018049739505154556
0.01833115047111321
0.019243460438746387
0.018404964536117657
0.018488855213188254
0.01771133474617852
0.019013217521042174
0.018378194001137056
0.017889696061701127
0.017227908939454813
0.018606030134379406
0.018233711176767933
0.019384826754548338
0.01892837962479661
0.017858088366328153
0.017675777203408925
0.019948463168361404
0.018772920026183065
0.019048440083144616
0.018212703856978374
0.019429418297704688
0.01908450592128636
0.01842496845987015
0.018912799759486534
0.018121634542435244
0.018067924274748372
0.01754715511139438
0.019093066523951083
0.019413601611778943
0.01808126879422407
0.018220323029170506
0.018186930047174137
0.018781256498024132
0.01871935607458968
0.018094414324791468
0.0188919620213467
0.018676296594232963
0.019766490516329584
0.018409015308688288
0.0183325693953365
0.017270519512261887
0.018036628022169317
0.01674443343290443
0.018117040731682743
