0.11282072263777616
0.09465368389686432
0.08864623867135484
0.08325652835591149
0.07911671209701492
0.07532938503864095
0.070213012496472
0.06408056083244243
0.058569191230587264
0.051304182436988775
0.044873070108532975
0.04059785326252536
0.038445744584012544
0.036077749786123894
0.034451637570792816
0.03272668733304981
0.030751597437519904
0.029579371903740135
0.027289492647771224
0.026728309155421754
0.025616973966510186
0.024273460993654964
0.02313002666799669
0.022490580037326388
0.022305178996765766
0.021280621455023487
0.020807185869506403
0.01979531185251317
0.018789440818305195
0.018045996847717505
0.018978392500100146
0.01842197215229557
0.017322551510583824
0.0177165054537598
0.016686257082170423
0.016881762645184897
0.017481388602169582
0.014620911081115724
0.015990097802965553
0.01609976444323725
0.016079556137131357
0.016574156607872592
0.01619117962750131
0.01586006799572193
0.015556867133721218
0.015478012372843757
0.015797200534074265
0.014631160471425998
0.01595921550362016
0.015695071910684456
0.015331057851984827
0.015649156627977782
0.015574189487089987
0.014850726239328762
0.016037029410659404
0.014419849164713292
0.015465975100457758
0.015362769638501448
0.015013172409911953
0.013992065016377564
0.014081809473929088
0.015013015174582901
0.014943757224840452
0.015416294047248657
0.0152087919752412
0.013376020109993532
0.015923476282164475
0.01481598589741584
0.014763128292510915
0.014970868729752462
0.01489498547207682
0.01395692251470265
0.01461153730838142
0.013625057449334503
0.014990512429049837
0.014204013824758496
0.015232779365625298
0.013657409733917514
0.014516513278182408
0.014521282854996131
0.014018235903444075
0.013845988622812267
0.013981261736029019
0.014514135275481345
0.014199802644186655
0.014130999474374696
0.014891368612679852
0.014509800579844636
0.013978819632318255
0.014208539950500858
0.01351371551395938
0.014501701260332449
0.014216055083129469
0.013336449738483969
0.014459818879270179
0.014393435271565055
0.013342191307062946
0.013386937268110147
0.013868758170117523
0.013050860841546079
0.013183540168593319
