0.06498671250516483
0.0598588743556454
0.053941818500030825
0.050363848377607795
0.045624909211673254
0.04157109121056818
0.03785261381423845
0.035693334769545206
0.03149526696654782
0.029052583967792308
0.027518213462952808
0.025422217367085824
0.023201588644909885
0.021808602574875463
0.020510472623559445
0.019104852392926405
0.018209165555971765
0.018292830945797353
0.01716940265557893
0.016910030674369494
0.01580425368917305
0.016203714664012128
0.014674373358418522
0.01497099475119945
0.014236039401410445
0.014117691603600943
0.013791868597587222
0.013064423231238628
0.013104037799492744
0.012653112897365107
0.012519213880105786
0.0124094389706599
0.012127945715331427
0.012119935454070406
0.011506184033418852
0.011425463217855616
0.011875602949754335
0.011464256341259258
0.0112084630877624
0.011609379014708517
0.01105259092938157
0.011296175585433579
0.01135902994060938
0.011108357156318175
0.011248443006894355
0.010820137220716406
0.011141313922877363
0.010196996751294842
0.009983135812476087
0.010007959242319411
0.010536876977577913
0.010951967776003291
0.01051900849513328
0.010616781776838356
0.010739195075444238
0.010396107014405789
0.009746429178746527
0.01051032383081706
0.010655325855510957
0.009656674403224116
0.010382299535338566
0.00956907586782152
0.010348357120781861
0.009630810485113895
0.010971647174945686
0.010264484555923421
0.010202664265989588
0.010283615075746155
0.010562295720266693
0.010499708317971779
0.010666917138452966
0.010033828868039597
0.010192729965247059
0.010970081536769054
0.010147687528972408
0.009995617401462252
0.00987951606806748
0.010406056949318222
0.01056492885152899
0.0103396721863884
0.010205882476008262
0.009873948995099257
0.009873647275771317
0.009594656386694187
0.010256588967312108
0.010019283805873757
0.009911549452613085
0.009833993248244396
0.010322876157534643
0.00964280251266824
0.009741456624363057
0.009800918661126014
0.009652425670233798
0.010681825694433282
0.010018152797141024
0.009520822615007906
0.010079081673248051
0.011079710682603992
0.009764872428110047
0.010092244734643452
0.009635234451460641
