0.2222052858541257
0.13126923460464512
0.080251679652918
0.05677236876481532
0.047199345504258805
0.043444126446486216
0.03998596700078937
0.03711687151454959
0.034617318890112866
0.03165384111171942
0.02894746930762558
0.02757108972349213
0.02638461570039586
0.024986086312399538
0.024342195364071034
0.025332330935792464
0.023503884773405634
0.023518895113209422
0.024112383025840647
0.02428944240256437
0.024524976518616372
0.023537322363259974
0.024179612194987446
0.024363029314736533
0.023891830922760125
0.02413903414856406
0.023505545278357482
0.024460220792666684
0.02387286024835292
0.02441553467787881
0.024178616790729926
0.023787941989854493
0.023930445277799927
0.023998511128826765
0.023974085867508845
0.024636990750720858
0.02392905537426269
0.023816357804286502
0.02334128035714505
0.024447751942995873
0.023756726902125453
0.02427013547167383
0.023781587640757967
0.023856483642535915
0.024407707346232047
0.0235327197854533
0.023993279176418053
0.023449695587647517
0.023839996669637965
0.023802625513436856
0.02417563031674999
0.023978969189983466
0.02435799730182249
0.024091338579181994
0.024511825881470425
0.024271654563084243
0.02442137562455393
0.02287520018505273
0.023677049582767482
0.02386097191993269
0.024232056409797975
0.023627813495507126
0.023381029255832114
0.024331885628536713
0.023809032577060088
0.02385714596413327
0.023848371928554088
0.02341032994791085
0.023760955030169433
0.024231266471105215
0.024309001663790155
0.02397959967831441
0.024004707633138795
0.0242559946160128
0.023399910020598873
0.02403708669743893
0.024009101537561965
0.024168878105921183
0.023895039921401035
0.023973485730960586
0.02413084868298734
0.02318966484303448
0.024199520587753053
0.024054901270834827
0.024744803177115537
0.02384864604105063
0.02411963397836741
0.024102816816070093
0.023937144166408967
0.02360698089341162
0.023272849937925576
0.02412995404730946
0.02377743026253219
0.024255824194199183
0.023136124177624465
0.02374440496185247
0.023999857209841848
0.023525080549975416
0.02386003856989845
0.023903042649589697
0.024140738478566855
