0.2594013633001376
0.16868270079346526
0.10849144855364894
0.0836797047402783
0.07015130748357619
0.06635129683483242
0.06190774580786464
0.056811016247403735
0.054651651164920524
0.04975991399844095
0.04616740817408235
0.042071130089822
0.03822883488508982
0.0351193349083509
0.03117455890019805
0.029422741380869755
0.026932663578866076
0.024822194274437593
0.02312818361416146
0.02112883566491004
0.019609123669810716
0.01847513572458728
0.01773689570385571
0.016955570834265705
0.01580452534741011
0.014963326180506728
0.014336946338315474
0.014060744941594924
0.013415854087339989
0.01269180139319147
0.01243944833544428
0.01249033629777106
0.011692240673356205
0.011391453743819313
0.011694858316698753
0.011080703922723178
0.011435563033516201
0.010652486529857785
0.010435469277171065
0.009997626447725907
0.010403430844230522
0.009861185585439362
0.010183153542621155
0.009972268832938799
0.00966767577145143
0.009971038219809695
0.009671750811567547
0.008950324874707073
0.00963624920766519
0.008982438691156995
0.008654305261300213
0.009473552020737198
0.008602659929561177
0.009197788461050101
0.00865096203562379
0.008477540170340775
0.009213795504661495
0.008784932919049733
0.008374837944727258
0.00829499790327349
0.008251490839775014
0.008338498001048624
0.008223987522455758
0.008250729712702784
0.00824195567922488
0.008004990706032849
0.00814856135347478
0.008527023924994553
0.007706859678146517
0.008153876275771747
0.007659330441925987
0.008590900011145425
0.007861062757322745
0.0075415753637902575
0.00812652820016885
0.007572306920850345
0.007713924127208013
0.007838621765545974
0.007286306744147613
0.007708754312198483
0.007474209267054116
0.007585057671694708
0.008321840994958276
0.007361664492986248
0.007899566409390067
0.007726455092529012
0.007290141850012251
0.00744253845179574
0.007274256218009112
0.00726471613029671
0.008025536609483864
0.007423577007396239
0.008230628589811993
0.008208031227026256
0.007158137228404048
0.007232515657997423
0.007165922336346449
0.007535140146992282
0.00698309557474349
0.007464563028388569
0.00725935350499216
