0.1157327571410912
0.09120587261335415
0.08434361834663942
0.07392374850259335
0.06507196617560494
0.055716302000312655
0.046695136817686896
0.04016831500762433
0.03245721606489474
0.027612286714952215
0.02310562647996325
0.020646908968829987
0.0188032864276589
0.017742220106178576
0.017674886205143733
0.0171333224005712
0.01683473559933832
0.01727916682307025
0.01726563194670308
0.017396660140257092
0.017321339690985593
0.01709947355765208
0.017399109743941536
0.01696838337832345
0.01741143943976023
0.017390032559446995
0.017198060340143366
0.017421094706233962
0.017537158034284805
0.01740366371284404
0.017256607338852866
0.017558384165763122
0.01765083464463419
0.017228370698307707
0.017516726043522727
0.0171358223119476
0.01707923355665134
0.017084470765427875
0.01681108044394818
0.017067806401743248
0.017279673173098392
0.017334441324156062
0.016977891086819276
0.017300423747037812
0.017493834787179145
0.017466268162225924
0.01692716173022121
0.017443267529943983
0.017414985488009325
0.017255343781982724
0.017411064674807276
