0.25567694561975834
0.12878272373583505
0.0996251810421767
0.09849985318032897
0.08875490350678364
0.07756220230345699
0.07233952429265647
0.06238596505785473
0.05544503573498587
0.049032900264828524
0.04534285537672146
0.04281197222251351
0.038507530082514056
0.034792486448191495
0.032614562206517705
0.03189946685200709
0.03046270712130281
0.02665120573261754
0.02576689286518468
0.024278143831108483
0.022207400414079922
0.02116604424406127
0.018922627231812088
0.018283702752031995
0.016122839747601665
0.015459430379102647
0.014981207052805758
0.01366692113174415
0.013358296900009581
0.012017603952433287
0.011589445982641708
0.010502093670217342
0.010391067978437871
0.01006788839698014
0.008847011834697459
0.009418172899347755
0.009027862121872827
0.008304287689892373
0.008281922442075287
0.00842750486191723
0.008378948987290429
0.0076634929417268025
0.007072556329479548
0.007063800670914601
0.007402168236354374
0.007146697734615219
0.007259906153878249
0.007221158854538819
0.0067415437654232855
0.0072417464046968805
0.006808306171970108
0.006555009039540225
0.006086221258035548
0.006552570840076212
0.0062213536307455354
0.006473325953936366
0.005830912616866719
0.00635055257636631
0.006267296223892737
0.006499627365201889
0.006525753572937305
0.0060986672081096505
0.0061827510381881855
0.006287466315225821
0.006483829552328792
0.005845207538702958
0.006414781923082747
0.005912095197907646
0.005582136434432949
0.006241886792051012
0.005922892244167775
0.005880816456911884
0.005253045324099638
0.005479238183700869
0.005568964484286406
0.00614253349561945
0.005792984576611266
0.005665299604031338
0.005688253189856315
0.005663748769963357
0.005750834167150317
0.0059846590054379095
0.006018530139995422
0.0054844973482238235
0.005314640203898389
0.005583712981351195
0.0056687638368483895
0.005668584883147874
0.0059928300565650515
0.005539110038355376
0.005373083010475523
0.005900797817822629
0.005282339389590039
0.0058443607244028205
0.0056606644433095385
0.005547707981661249
0.006148547795107877
0.005403017257453042
0.005187345561459023
0.0056571252983396705
0.005547800770333934
