0.45670210820691853
0.3236973768745038
0.221843343395448
0.16344727845270607
0.1281192445589874
0.10967660120908385
0.10300938385743368
0.09795591905668898
0.099184991593121
0.09817552045883808
0.09836295556652178
0.10016092480018354
0.10016024500046004
0.09787804404510993
0.10097567263094785
0.10127671047155981
0.10007395767285387
0.09837846726589122
0.09959555113641373
0.09975140319623316
0.09953077679620585
0.09846129442413946
0.09997295863190804
0.0996842123541751
0.10000790327408032
0.09818072144422707
0.09860075912435023
0.10062305477723442
0.09840375738323333
0.09813852970891851
0.09923293167789182
0.09935613971089195
0.10092314561728309
0.09996312471421678
0.09953869891826937
0.10064256694477536
0.09780566309177509
0.0986532685024051
0.10028998025122633
0.09924538103024048
0.10020724755055899
0.09935258158027221
0.09860253099986714
0.09954329096232867
0.100828927656409
0.09940812689615458
0.10016016086486258
0.09935586591162458
0.09790570548192232
0.09818018529246535
0.09952529551466788
0.09808902192837633
0.09850613281514276
0.10033675687339641
0.09987041205200821
0.10011710141239394
0.09968534826271724
0.09864111104333384
0.09758480217590429
0.09831249373476984
0.10084435453278369
0.09830106346153496
0.09750670561883377
0.10036122734638277
0.0976323713049312
0.10046306912307851
0.09943155644441297
0.09912372322445255
0.10110432845987835
0.09862933706149508
0.09906287989414835
0.10125273362647826
0.10007231676235404
0.10027530905519336
0.10012500021434115
0.10057555353945248
0.09864506191407642
0.10024486258733718
0.09972231889717165
0.09750515463922456
0.09948640260163195
0.09822363286361023
0.0994024483180384
0.09783959259434793
0.09801823328118262
0.09964357712494248
0.0975156257215828
0.09877646593666617
0.09963407192636643
0.09929045797661963
0.09812721666590253
0.09998205715108043
0.1028442873089448
0.10011110431726349
0.09819706939753743
0.0993866779208193
0.09769455244925924
0.09899871889923172
0.09951591699810239
0.09908983950851517
0.09805090916034732
