0.16596889248951688
0.10037139979895199
0.08694549951212988
0.07427016624802679
0.06282413974498924
0.04905414243147566
0.0393832405015568
0.033645689700387074
0.027386303604843867
0.023160960349590316
0.019456323946046947
0.017139560943716645
0.016240568905117877
0.014658258302049598
0.012915334530832993
0.012157635248524935
0.011211128188377259
0.011412843487812283
0.010621736709910411
0.010462151004788768
0.009934879932792086
0.008853909546861565
0.009256603417607378
0.00899193483310215
0.008342209584058295
0.00840462340375625
0.008578698766315819
0.008857656775614706
0.00820221639200298
0.007785513607965015
0.008162289882655228
0.008532934379651077
0.00776774857611993
0.007897425873283336
0.007674728842117756
0.007496087383612678
0.0077147215833889065
0.0076086582906708874
0.007452225126131986
0.007801170857885413
0.0075738845722775295
0.007780011746315969
0.007484017591410096
0.007387476719280668
0.007072754270963849
0.007976653938945743
0.007532823583801767
0.007452953349297503
0.007056606080646805
0.007530208798462611
0.00736215108457476
0.007341978127117259
0.007874388010622728
0.007368576357492251
0.007427573853431402
0.007751129401360714
0.0071934174379028985
0.007133258347989601
0.007741773702860272
0.0076593106922091545
0.008023887991858969
0.007994897501796282
0.006866305138028477
0.007725628982665424
0.007121437446538466
0.007942500048137714
0.007260314356667481
0.007675817466111228
0.00857279491833541
0.00759283185021346
0.007424021523980109
0.007878554723790713
0.007525170361801612
0.007643930724353511
0.007500918079591762
0.007421227290901724
0.0068897456144906555
0.007122278727294625
0.006910851388435006
0.00694758319029468
0.006896176838633287
0.007293717499928266
0.007520019204805055
0.007217008307157652
0.006972402317552729
0.00710685420070498
0.007261982358725362
0.007450151812011813
0.008434605312502872
0.0073835395846967525
0.007507102587989817
0.007629178787118795
0.007617706022243411
0.007652754409507385
0.00750248324942901
0.006980891890933301
0.0076443308116228795
0.007377087867636051
0.007153461080059621
0.00713054111778823
0.007588645632937957
