0.17998743395880387
0.1175591639915301
0.10402760894566468
0.09420084227462708
0.08237663286788766
0.07261876497926668
0.06203703246827511
0.05360141224829945
0.04552974649175498
0.04004819121077069
0.03451948403622359
0.029625752272379145
0.025885646268462223
0.022373769676591385
0.020029462737400885
0.017035392531838306
0.016298260550676603
0.014501627395785695
0.013129028295510341
0.013047634197635131
0.012267407441934896
0.012016979545088829
0.011470735483185834
0.01074113675391279
0.010919864065796673
0.01048063363462049
0.010445941699756267
0.009814389491080953
0.010241721015130312
0.010154638977673146
0.009592471782736828
0.009575433905639866
0.009076955499732836
0.008349003882622665
0.008844254104374548
0.009022660129888128
0.00827212347339352
0.008580077012790259
0.008384057082551787
0.008348483368394801
0.008130434700862128
0.00803248266910102
0.008277714780918401
0.008194486216001018
0.008400718184038413
0.008486196369774022
0.008137972739627368
0.007666375471186971
0.007674774887225355
0.008345385480416384
0.007785854269432841
