0.17346932856094366
0.09112575496138413
0.08273489989461089
0.07181599365166667
0.06045188416262586
0.050105724459978684
0.04170653581113287
0.035358729751170444
0.02963242096887986
0.025685668231530356
0.023125699223734086
0.02030256877036368
0.01900929103489851
0.01753329381626778
0.01625123856735939
0.015575288632415253
0.013997978702023716
0.013659748593926678
0.013377755605635918
0.01320690726421313
0.012815530335956905
0.011859470687681376
0.01246067811244566
0.011396341533541916
0.011960703797570858
0.01160361678115687
0.012218324093760412
0.011661961590900187
0.012041119615296792
0.010950301837949017
0.011992736241744354
0.012131981698380924
0.011090979277678529
0.011411776698190719
0.011135706905348215
0.011810692053097467
0.0111302778723896
0.01174340217517934
0.011269614559111293
0.011013931692912801
0.01129165287275827
0.010973459522059862
0.010424772767731445
0.011233590512721714
0.011789930686507277
0.011585498982236344
0.011427069843054978
0.01112623459404852
0.010644486001169204
0.011039660033021245
0.011443311430713985
0.010729843406767718
0.011054282497841399
0.010653523943475247
0.010996095192713327
0.010565882077643274
0.01092966779732645
0.011528115639120259
0.01106529891233192
0.010772761515233289
0.010942659437560518
0.011441383802637529
0.010763175675557176
0.010299482496454558
0.011073661137645366
0.010741846697808251
0.01055490485346611
0.010681638053541786
0.009845489630838632
0.010954888100126646
0.010914865701532564
0.01136308435596268
0.011512156782785303
0.011088112808871143
0.010147884564022082
0.011515410968754495
0.011086880203998293
0.01038947364902617
0.011014529855513997
0.011152152460986938
0.010410435373037397
0.01067745760014278
0.011057061855099705
0.010494705433154373
0.011175906733730093
0.010492654897249279
0.011304835330441687
0.010067516897606136
0.011110291898508005
0.010989687711491716
0.010716999351423074
0.010763037973065213
0.010271652621181982
0.010591347470568054
0.010893456105437781
0.010564397402314728
0.010575353611222119
0.010123533901559694
0.010998446372062065
0.010657597219300376
0.010694523533084518
