0.1822574912818717
0.11168823744645272
0.09198979028393556
0.08519279768333796
0.0791175768837495
0.07314951686993271
0.06661458712052953
0.06009686773554155
0.053051514472068406
0.047034563634311764
0.04162583799403711
0.03677648055991426
0.032349992016445575
0.029080601463536117
0.024937229192892013
0.021972056592023077
0.019569665426857355
0.017792350434480495
0.01684401179894293
0.015685592025289918
0.014705802652431973
0.013884893937026606
0.012855845830143372
0.012671476195496887
0.01254943591922947
0.012121129501299172
0.012225803579138442
0.011812847224776525
0.011746682123889103
0.010999205919602708
0.010508945183275418
0.010547103105728747
0.010463232203224697
0.009590091541037512
0.009516430130677636
0.010118314758834226
0.010052787929486199
0.010074061026334371
0.009947707946252023
0.009881524482181159
0.010021306157748641
0.009012036753774549
0.009620470336765467
0.009236053403454571
0.009475920823640382
0.009257682067919193
0.008932122349967958
0.008934578478517127
0.009939183957830514
0.009174510261566895
0.008850000088059239
