0.15979577631201813
0.06799418914467321
0.06270668179915723
0.0567298991621232
0.0542573180858948
0.0486382468672982
0.04618280084924057
0.041743311243958435
0.03663227907514483
0.031410707539359484
0.027608126492339905
0.022248082801137818
0.019632967047253144
0.015937525985604533
0.013027028349854352
0.01150154088983817
0.009931471491096234
0.008777302124251995
0.008172082465660965
0.0074115734465955724
0.007266753556389265
0.006865807241488754
0.006225135323712994
0.006194597365119779
0.0058033269614201225
0.005852454956450708
0.005927547578016461
0.005579905856349703
0.005689778574057867
0.005233736783579497
0.005125979031491834
0.005182776084429939
0.0050368223089418416
0.0047562957070663645
0.005201466135816344
0.004555118802703189
0.004704756712189859
0.004006230370095477
0.004441376023136753
0.004564668794646987
0.0048927478629860206
0.004158609868671507
0.004373991728070598
0.004396869721847658
0.004466164141201404
0.004003909377682895
0.004415914871358729
0.004813623396652206
0.004429477227755926
0.0042400059281323
0.004324893154848445
0.004136065851151432
0.004357439271799873
0.004409835011686213
0.004133438831728359
0.00460736428018619
0.003920464674300515
0.004468077826878073
0.004946676542113284
0.004343328960772215
0.004384377129814531
0.004969536704418722
0.004543927206446106
0.004798068222606346
0.004273054784980225
0.004158771732847473
0.004220769517637866
0.0038324043019188282
0.004123828831966123
0.003666180143067157
0.004359876905393431
0.004159183094749109
0.004028274696775595
0.004084669115332131
0.004734861745762264
0.004136656167305074
0.00497647713869646
0.004203861863176051
0.00385263402735615
0.004925406267340309
0.004411928892687329
0.004697460555636002
0.004665998445335791
0.0037128176548692935
0.0049174068659181575
0.004403344153663167
0.004013589776468958
0.004157431882910795
0.003985268149315616
0.004435140458170537
0.0042173698834430465
0.004555500002616655
0.004093632309245612
0.005682417518187754
0.003951937973273989
0.0044564320949001795
0.004802708124117394
0.004537766256476115
0.004024942170818586
0.004274908294490841
0.00425411970591318
