0.35191335674349694
0.17667645445120087
0.09790629560030138
0.0892824401592646
0.08281573782068181
0.0734245355757157
0.06430298725881106
0.05508686841599514
0.0491378838008324
0.04526539129886548
0.040530327214687266
0.037241054602677875
0.03529457844383502
0.031625468403490196
0.02912579264530832
0.02787119216413394
0.025939671544020753
0.024400723842333074
0.02240822589941625
0.022295795949485858
0.019611739512050468
0.018016119857439554
0.017273893821672923
0.016008116276566627
0.01616080651771754
0.01517244453634514
0.014397113151893794
0.013243561437152248
0.011793206212651905
0.011966285806230837
0.011907033332641015
0.01120860706198954
0.009983017796870655
0.009924830881113152
0.010357932915704596
0.009410322978781778
0.00908359428892576
0.00856798182277032
0.008131662868676828
0.00831010680749379
0.007976953116801107
0.007713282291283549
0.007611194029694455
0.0073131115023767415
0.0069700451212973205
0.006800806757447027
0.006756101243064644
0.00688254591950031
0.005963690161608582
0.0066025013738112
0.005904807185004431
0.006143357603475558
0.006391913894968258
0.005834097622960938
0.005501629261885561
0.005985762666889183
0.005280589484205701
0.006232223389773763
0.005504743886138348
0.00566835210788858
0.00568414927044966
0.004672480268643551
0.005768267941457166
0.005465225806497508
0.0058143101094216
0.005400799710170107
0.004889089185613692
0.004912689076369003
0.005683037681967164
0.0050637749779694615
0.0055837548557528495
0.004867359108796205
0.004689380890455286
0.005093113874789661
0.00517774360168028
0.004829073935092639
0.005316886289093281
0.005535189246911659
0.00450591951597159
0.00524457401967353
0.0047577195304504905
0.004591432550484006
0.0045593616259372435
0.004747813049891044
0.005346109304926629
0.005121386344050353
0.004806809329670226
0.004643411315610529
0.005156469175297335
0.00472891021088692
0.0050308815838319325
0.004518273527652437
0.004336384324555264
0.004623565142202734
0.004813256364126445
0.004396402014207835
0.0049433066235269555
0.004798765110397928
0.0042250667571482065
0.005050690761294429
0.004882786325832614
