0.24922959022192914
0.17603373099459854
0.12311775862593681
0.08847091307310415
0.06444981950253213
0.049302332502161324
0.038531891343835126
0.03071177822698988
0.025939947993585673
0.022478077374811254
0.02113523769077576
0.020471500595374868
0.01938170222175836
0.019753324523037217
0.01967696825822321
0.019178780394693163
0.019561828155607645
0.019273736613913274
0.019431597129549137
0.01950228268095452
0.020227233636306092
0.019315876411855445
0.019413338764632408
0.01987668691842055
0.01940661003467818
0.019626132103685356
0.01953362679798603
0.019606567987697415
0.01944174747747039
0.018960924010267208
0.019581403230885232
0.019683042197146138
0.019395050088774
0.01961266087983308
0.020042585016921303
0.019597292249458147
0.019232840084075314
0.019888865787926674
0.019140491159748918
0.019309034795446312
0.01981951190537656
0.018884880205374224
0.01989944890885752
0.0194578372251774
0.019091848794790412
0.019111801095237014
0.01935952214069476
0.019811918362209958
0.019002932544025655
0.019285610954052207
0.01927405707680774
