0.149347569794894
0.11287304328223202
0.10011496845968193
0.09136006286473701
0.0843655496894119
0.07780808081736248
0.07090416464361994
0.06602135014533483
0.06006336126623758
0.05509801520734753
0.05029197216092154
0.04592502560509369
0.04037424531903303
0.03674416522533231
0.03285704869186998
0.0299618666781325
0.027425636384454027
0.025561636205496324
0.022889082476990865
0.021132013501591326
0.01934455075833474
0.01807927879459172
0.016353636548346092
0.015954064715472095
0.015487775774698374
0.014896768950648663
0.014117479250590512
0.013617768486986148
0.013101149005316602
0.011904294447028787
0.012699849299420059
0.012415849501812072
0.011525283737106765
0.011104498065100067
0.011517130506038325
0.01074151280398901
0.010568184314838627
0.010170418292892466
0.010167351397446686
0.010309240278077692
0.010540496751664475
0.010037530409844819
0.009689940554255375
0.009189088685819583
0.009125131281369268
0.009577687400304761
0.00910519600548435
0.008805474506829341
0.00971325452911416
0.009181056058252915
0.008966485961597067
0.009125523015175387
0.008723921030057844
0.008418015784036012
0.008320881747093058
0.008103404563780229
0.008730068131355004
0.008719341082029822
0.008196744017972641
0.008130609630601726
0.007691068774576414
0.008153265667271748
0.008795477842282113
0.008034443485319342
0.007904673202875353
0.00833896421662362
0.0077406740961054096
0.007767775266021311
0.008088889859035196
0.007807255905379455
0.007616498337688882
0.008798065625882298
0.00777890675598163
0.007590862713249396
0.007837751966043128
0.00757934648263937
0.007923169495807268
0.0072228362402290865
0.007016571012278137
0.007918418457466155
0.007471419870693451
0.007462750346052697
0.007360852012336239
0.007370167998845809
0.007546598285406817
0.007637293628438237
0.007305120879120857
0.006944799496809993
0.007483349753116522
0.007476737804935799
0.007272221166725267
0.007313481460071919
0.007250088088777607
0.007062466373266912
0.00744319324210428
0.007108409534546737
0.007190566934340482
0.007138127504224225
0.006562521617554815
0.007784421501724564
0.006728203547668678
