0.5227486605233016
0.2861142757054393
0.14740053101759235
0.11036883332878779
0.09963251011455408
0.09597700830643786
0.09002347843044976
0.08115726718662468
0.07778709307644986
0.07214047591530205
0.0646819355449672
0.05844766519123243
0.053973089072156887
0.04878790821029332
0.043786062604324334
0.040802137811250604
0.03780127378403607
0.03585437338767074
0.03346305794877986
0.030398673888952937
0.028730203838633787
0.02725954937172878
0.02576349262630211
0.024433355420876463
0.02404061703726332
0.022641318529951594
0.022112804271350133
0.02191387124075493
0.02110303040202888
0.022209141342144894
0.022311182822971596
0.021282580993991464
0.020058795639621273
0.021507235554687604
0.020699577232575626
0.02181447443010051
0.01942251571429819
0.019617962522488826
0.020250370705237726
0.021093578956925128
0.01895202179487021
0.01994761763697531
0.019658691100311022
0.020624017406580455
0.021133268986032405
0.019028211128444723
0.019287355706958127
0.020795583596589312
0.02082431185412222
0.01882810311736078
0.020598397914611197
0.02013291994423863
0.018316713214263904
0.01989788881278616
0.01914922452746082
0.018288472196069543
0.021287101470743038
0.019579010361829303
0.01854238968008859
0.020071650434261193
0.019766851285384884
0.019849976734345742
0.019274934553161177
0.019381512666017953
0.020495011617396457
0.019626103884505024
0.0192481954020343
0.01998860008496409
0.019344193404524118
0.01807317774066952
0.01983133992626807
0.020395493702764497
0.01971897255644428
0.01969454551716054
0.01872178928652781
0.018541386682654017
0.020212778964297747
0.018649703181722193
0.019741453002330454
0.019536369616702156
0.018424134533039944
0.018232237460211638
0.02107138493566505
0.019248187281368477
0.019159601568112243
0.019329892487527048
0.01961351733874996
0.019822874207656365
0.018582833836891997
0.01817615263162144
0.020267052663968884
0.0202086955972714
0.019552121895863226
0.020315716987322683
0.019688715458570698
0.018940594613781527
0.01823202872961296
0.01859740554136048
0.020490735781813152
0.01788527393608006
0.019356933732680548
