0.3751237777832215
0.18172637999454688
0.13182636654585622
0.11687913425894815
0.11478949049668004
0.10656528933993084
0.09215809442840321
0.08359622758047729
0.07108791376441309
0.0579359198706683
0.04923215330920129
0.04057910587367757
0.03499650707663825
0.029824462449735162
0.025552878009156926
0.023254285250265606
0.02047704066959928
0.019349606755129107
0.017493572067439442
0.01570818235242872
0.015095121211325368
0.013965273697324565
0.012925617840139866
0.013352728939839255
0.012950491948388512
0.012818645809044212
0.012817741212246278
0.012213107890869438
0.01194908173907804
0.011929319695753705
0.01080883705120277
0.011202424241437013
0.011574476574182781
0.010591667881718347
0.00988920315120985
0.009828884231784199
0.011511814376675943
0.010615606386796003
0.01018087170839882
0.010336973302678673
0.010122550313628461
0.00954563481366282
0.00880861379613267
0.01025751949891199
0.01129512429389661
0.00964854512360992
0.009275170448654137
0.008995347095388606
0.010043194457048309
0.00947389081574656
0.009804047756920552
0.010333780358944432
0.009146728268493264
0.009140194281933602
0.009055821267442235
0.00928766657157345
0.009065237286719777
0.008716571072039082
0.009274687108320008
0.00989674613887301
0.00917617910081894
0.008808520673779841
0.008616911829471106
0.009233449559346638
0.009209001036759484
0.008986074265841597
0.009705250756172897
0.008851015995197118
0.008204202146622859
0.008300052553997487
0.0089054519711506
0.0096080052392918
0.009528441171912443
0.009080679469847527
0.009490965086812395
0.00901679090854572
0.00937719474313236
0.01037480378947093
0.00967622672253095
0.008011761359084034
0.009596981486529784
0.009407882551553053
0.009041357328442823
0.009145772824312544
0.009760679275807267
0.009602559402056425
0.008597709871106005
0.009736104588133612
0.010140060650268644
0.00895480688500854
0.009669368486306448
0.009299472243390105
0.009072157408177153
0.00834112119747727
0.008858794736340651
0.009508508808223246
0.010010203632131672
0.009463690570701696
0.009014889169159573
0.009029123724007935
0.009021686588527193
