0.43040787296491795
0.30774455929974537
0.2305108854927433
0.17329727097803882
0.1233452851969248
0.0975729355727279
0.0841039579522753
0.07320764198932822
0.06529355999983955
0.06219713694303244
0.058700147987278684
0.055276590238863936
0.05090181625219735
0.04687597409581712
0.04400693946288287
0.04048399186361066
0.036965283600989156
0.03415614543088274
0.03152868491958624
0.029326955192371586
0.027536514503269414
0.025303324062489894
0.024004730330612827
0.022622424380679355
0.022540302240375416
0.021754889645300167
0.020786422646756036
0.020953203808669937
0.020408974082713232
0.020388054537407066
0.020444770382285163
0.019953706786543093
0.020241045480550272
0.020318127969913852
0.020508432461165932
0.02039844335478125
0.019420305522428998
0.020220886986169646
0.01970320869297708
0.02036067599818249
0.019856208967189076
0.02016998846321447
0.01972815510848038
0.020255238218384864
0.019855010736748085
0.01951917226171717
0.02048002210196502
0.020435017774244873
0.01957981901500861
0.019632918358117
0.019844080774574644
0.020529866726579842
0.020061201914855522
0.019505754520083875
0.020275234647287754
0.020109524682727642
0.020175680785255518
0.020174485029849205
0.020225548178067692
0.02019475107362904
0.01952176611008798
0.019859765508250245
0.020405045554851585
0.019844229149467596
0.02010445900375795
0.019758210024857496
0.020419113375142715
0.02009750179160432
0.02042457554127939
0.019555742993650954
0.0198969611053564
0.01981111122806432
0.02040631745464582
0.02039527143371615
0.019954017739580457
0.02081467194577345
0.020770565076798284
0.020157629177781015
0.02061512310285916
0.01966214979743148
0.019760726683067432
0.02013213933132197
0.019764054231619473
0.020104365937706897
0.01969017511834743
0.020139996190749625
0.02051186290768743
0.020867817996716314
0.01987266595250161
0.020258962981689527
0.020028600020305907
0.020316316774904114
0.019431951236116695
0.019777848692377798
0.02026834361470022
0.019794452906598755
0.02001213849591634
0.02001813226846594
0.019729060035433087
0.02017161834873717
0.019801410057572282
