0.7742329476732525
0.5154298198503906
0.2806273789862927
0.15541280879523126
0.12007759936983887
0.11006546547023027
0.10578191421154035
0.0992012473117627
0.09544839751424536
0.08867465421461682
0.08117824292448302
0.07400315353721865
0.0668044714891418
0.057807837790145214
0.05115935748478164
0.04526506916662362
0.03921112208268944
0.035598055067944945
0.03148529674016264
0.02925297305584213
0.02665540123700063
0.02515797387125929
0.02321035449248696
0.022648878146902845
0.022114070724686536
0.020579591581135655
0.019613286211570533
0.018828730872533256
0.018436669320147325
0.017233834691113944
0.016894054935145883
0.016891824863869313
0.01647866207878249
0.01645213398216404
0.014784880556644044
0.015168609123328194
0.015200578728423156
0.015133505559279494
0.015022242347127037
0.014238170132990544
0.014154211459555253
0.013767687359708621
0.014621648755632767
0.013514050703002455
0.014985839451744202
0.014472761924918455
0.014771665859559628
0.013897843507373893
0.013152311537334205
0.01335690482111215
0.014035551333960585
0.013597514154940362
0.015259215938743322
0.013049542730933048
0.013536893517207596
0.013528538738495643
0.014116253122241358
0.013025129470796397
0.013699196262029492
0.01314565885846803
0.013589211754177323
0.012585411043449023
0.013658324595875028
0.014074141442334794
0.014388350062210146
0.014176380363038697
0.013791318866612182
0.011805975893776357
0.014016753573392533
0.012900192636534935
0.014516634725877602
0.013096339171471157
0.0133611926136572
0.01385346748229579
0.013259201619257458
0.0130424654827584
0.012027275370241956
0.013285156429659918
0.013218957645944582
0.012508009485825934
0.013150019277940047
0.012880130470306013
0.012704528843285292
0.013884054612922794
0.013445100645765307
0.014370062885521983
0.01361881660138123
0.014021574862765028
0.01287111359638762
0.011986061026063975
0.013746282005014562
0.013461973182258133
0.013679695737026333
0.013577479165335778
0.012662580186441048
0.013822493066962406
0.012398922266683255
0.012844973119165848
0.012369836886394528
0.012865720788465627
0.013156239004721529
