0.45593555362863647
0.21546393038718037
0.09486769004226535
0.07155128707786493
0.06533434716096384
0.05924403369548536
0.051281588090280786
0.04451887623076254
0.04024398496146407
0.03394463051950644
0.03035888900230284
0.027434458614001563
0.023682528141125102
0.022672373272379812
0.021053285338583208
0.019600909679668987
0.01891317830538519
0.01791448663824259
0.016447552017399527
0.016366635835340707
0.015440808355658269
0.015829233382956137
0.013722528792464331
0.01433042215792194
0.013852379921402145
0.013690087277635288
0.011911173159764667
0.012017606404172139
0.012072862765319225
0.013035072438072174
0.012514213817207279
0.0123249298834782
0.012650863762433148
0.012134261210677592
0.010914488838510636
0.012505440290042845
0.011591682166842202
0.011379506469429236
0.011592937879372519
0.011556666547053627
0.010103393102785848
0.010783882988557104
0.010476573408477142
0.01050612495735184
0.010813591927283435
0.012122207177361555
0.011761842282520822
0.01078967160861025
0.011040746911160181
0.011197366520289942
0.011456957147735996
0.009719670304853269
0.01046846174984722
0.010089060073007403
0.010049326493071088
0.010985278046376713
0.01018899684491071
0.01104810608850942
0.00968790182478442
0.010859276328465329
0.009354379158776363
0.00971945151096815
0.01163400580955435
0.011693342442673572
0.009825107898358665
0.010064745787395761
0.010289233243078044
0.010679435514628256
0.011406370133296748
0.009667078197541486
0.010242161111989079
0.01022585102325456
0.010334794200678605
0.011174658427491635
0.010959133232416965
0.011244070907557102
0.011535403236051315
0.010208911490451293
0.010287658387372799
0.010207385911391179
0.010792302813414253
0.010630714963322433
0.01143190507536671
0.010281086553877786
0.011021479448768788
0.009955565103809726
0.010072483789518697
0.010249512691757072
0.009311200295343481
0.010896802869498325
0.011273058217721479
0.01029265141830296
0.010497879874430637
0.010504747938970129
0.011554975680898841
0.009816718429007379
0.009976161235507893
0.010435107815770594
0.010702618820109889
0.01001056410229619
0.010221930188771256
