0.2477567291208489
0.2043667439881062
0.17370536135612866
0.14465007756074194
0.120731361048482
0.1100712637840243
0.09569323815271227
0.08855488631205272
0.08532245825233928
0.0774061678600347
0.07535889754715105
0.07341333945488271
0.06829603781647571
0.0656174282718147
0.061228976398862045
0.057568002581529484
0.05420612898470356
0.05023992853125322
0.04741601373198291
0.04339570348848269
0.039789935471721015
0.035645644803351494
0.03467389972905085
0.03248105924779207
0.0297676838697436
0.030623482574057653
0.027688347783361385
0.02767180449933624
0.027047968273113114
0.025792448157766077
0.025955661590260484
0.02559320008659838
0.026389348423008722
0.026490532790172203
0.02631860507506207
0.026128125102363568
0.02524785739404849
0.026363022480999556
0.025649246412398855
0.025973125371753874
0.025474886519002142
0.024619522413814314
0.025688652567133402
0.025374511844856482
0.024852856344118487
0.025336366881486477
0.025129762753696598
0.025468064270100687
0.02491089177413286
0.024528076728099733
0.024385610183855384
0.024323085836850524
0.02561091584947501
0.02501792745412108
0.024543247087450107
0.024802992832821388
0.023913567245103597
0.02471053733416835
0.025080561641828716
0.02493118050110626
0.024145726598986852
0.023918104741806355
0.0246930946664758
0.024081907738428287
0.02457296928541645
0.023912134072142276
0.023690418143238055
0.023882253489695998
0.024468103426308913
0.024024782116136126
0.024630375610486862
0.024708543527770323
0.02432635499367695
0.02314760981637421
0.024175517689560836
0.023542577772794362
0.02400861110886441
0.024056948209938533
0.024112322019629248
0.024241113926957596
0.0235374560781702
0.024126521428546942
0.024709170317699185
0.023719171541055278
0.02431125804021567
0.024254572914031953
0.024301322456330408
0.024294572940807207
0.0238280703097856
0.024909682489487734
0.024254435635358538
0.024579563355185345
0.02327286148897422
0.024518521316952115
0.023624808184021087
0.023326047828838667
0.023301628302696026
0.024699995837758452
0.024203946412566582
0.023431540713024654
0.024107101838599182
