0.24096792892874644
0.12109140082799101
0.06777885019047919
0.054221107783486794
0.0440919609963827
0.0433601663413214
0.04144252469196634
0.03766383137124655
0.034826615721930056
0.03363758704842084
0.03036439945122044
0.030598601549578955
0.025606184253801366
0.024000099675142945
0.024749546765994397
0.02228469989715101
0.021560568714101922
0.01975942250861678
0.018459594565125803
0.017419649346135574
0.016965685775083703
0.015595910928181267
0.014474113292252207
0.012769079122632797
0.012205310754245104
0.011235797343353329
0.010485989011213321
0.00958253219748484
0.008877598186379206
0.008245646453178072
0.008035483039244172
0.007580164433163601
0.007485325798716556
0.007396421029287774
0.006823780670507109
0.006642247268528175
0.006071034347597056
0.005908627395705878
0.005616869329384909
0.005510189119852437
0.005650060919379669
0.0054915777357182295
0.004894215810307136
0.005124822120934898
0.005267505557227657
0.004861173546535496
0.004769015520550573
0.00470488682755187
0.00444651141951841
0.004195712590985938
0.004074268731866721
0.004586537437548381
0.004763889969367051
0.004645922086793158
0.003898442892055826
0.003873229944254586
0.003707483653070868
0.003517500354426099
0.003954539022988789
0.003810737717137302
0.0035864900915049537
0.003748312796319674
0.0031173270971711193
0.0030256116658646387
0.002964991479201506
0.003238325616319618
0.0036613850390003273
0.003154647919611772
0.0035739868554123034
0.003899506157507806
0.003174811878679138
0.003606435402822233
0.0037139727036267834
0.0034974599337414614
0.003672370514625353
0.0034164257769566573
0.0034235591109844647
0.003051242032291346
0.0033942917288181515
0.003417531221591449
0.003527128482079733
0.00350666349738651
0.003400943256780389
0.0034943240981227565
0.003459447641935676
0.003996079399832972
0.0036921784077904563
0.003170821343478386
0.0032122527425623355
0.0035520235270599166
0.0035534147981131758
0.003198117154531843
0.0036892470942737204
0.0035232503559890077
0.003681475426724679
0.00291641393127815
0.0032813892311012362
0.003532608418564206
0.0031583480544189265
0.003436323648610607
0.00370841186602929
