0.44719188385614966
0.1941727817133671
0.09492452122749472
0.08696940623059325
0.07573283555871034
0.06860016762777647
0.06463569748331652
0.06529362518193975
0.061350914899309626
0.05764170050573791
0.05441075831898906
0.05211011530547927
0.04966476898700183
0.048386735231858824
0.04138507482265004
0.03879358718243777
0.038809300728028094
0.03470090883196112
0.03222981410276492
0.028960110393764733
0.026460460732185546
0.025204628676939983
0.021255817816022735
0.01974573265984933
0.01685489210244115
0.015406543537839955
0.013983726042411028
0.012568904111235499
0.010830755687381087
0.010047524114757159
0.008736977660854945
0.00829323854185893
0.007925762470652152
0.0067695815641042245
0.006906941650786543
0.005657462412201564
0.005821817257055294
0.005537032046287984
0.005011867905940184
0.005380746269612208
0.00442884988902086
0.004872749915141298
0.003904906959815874
0.004573397688865519
0.004671804455595557
0.004663565106285607
0.004459372307804862
0.004426220829061859
0.004057797090403397
0.004308721036060207
0.004625911939753115
0.004669687884417626
0.00411321701874123
0.004359416281612114
0.004886554517798871
0.0043167147807257064
0.0038792852027065275
0.003737725980813742
0.004095214966390742
0.004407183217520896
0.004153452074450296
0.004173748095117912
0.004043399895704381
0.004390570828445805
0.004161246084562509
0.004119324083525968
0.003611432572570103
0.0038829372566103392
0.004344626629866622
0.00363990651730885
0.00433378113557462
0.004270807702433092
0.003935288788694588
0.0038499532932883044
0.004095968473402988
0.0038115683692363646
0.004075137183997446
0.003531959792238884
0.004304577347614953
0.004120001992176695
0.004137186888563151
0.0037934605994464636
0.003976646035452052
0.00428772431379537
0.0043168615082662355
0.004062964133926963
0.004154229441078342
0.004174863852279177
0.0043163482749732415
0.004159451879365288
0.003852189877523616
0.003916987610133782
0.003932613922394351
0.00465057223964475
0.0040103648560815535
0.0038447347459611165
0.003743052185316152
0.004208375510139489
0.004366565608448374
0.0038680758502205237
0.004452501099781714
