0.2673288132470833
0.09895515177959824
0.0792698687484051
0.06898518405051896
0.0629079217001748
0.05724464043939256
0.054737366545415174
0.050237425219302786
0.04957139655702137
0.04733155835524983
0.04527599172041488
0.04107367426328995
0.03802980434049054
0.0370088099393038
0.03340021124468849
0.02988257001780068
0.026795691906987038
0.023271614457498528
0.021709157119533237
0.019325440752886846
0.018175651423433872
0.015092181595955882
0.014842190489177912
0.012813937978377661
0.01124085626040625
0.009967135667627278
0.00972925829668484
0.008546782893500035
0.007367328042091165
0.007333669143019015
0.006418434815007614
0.006301188482948688
0.006008986369855063
0.005231697286256172
0.004929088944650489
0.004684096568312631
0.004915615238307486
0.004150345191664239
0.004353612494495865
0.004156018121849115
0.0043039610493528216
0.0038828885993694964
0.003784292511075603
0.00412903236264766
0.0038280644168108163
0.0033787314453851774
0.0033365984501573737
0.003855293731414542
0.003596294236481449
0.0036597131878224813
0.0035587676208983727
0.003621020814021855
0.0030823324409781504
0.0036034233334347045
0.0033947800150739478
0.003494971197777769
0.003623226607320531
0.0037988204180337236
0.0027403449886082283
0.0036178816140879123
0.0038726833170986286
0.002995224820018763
0.003542592688517307
0.003580479383006719
0.003436647286610774
0.0031437585587611254
0.0033595399462856895
0.002921147713812482
0.0035371964631526662
0.0035166005533248373
0.0030935467127742
0.0033810633714810266
0.003153152938579116
0.0033845702074818333
0.003206376306120249
0.003156812137057874
0.0032790300814240715
0.0031331648899867526
0.003009249196579162
0.0033991737925746575
0.0037088093346521
0.0035271890670699802
0.0032607082311917382
0.002956906181310951
0.003412031250650965
0.003145445545210227
0.003481121679083346
0.003269852552465923
0.0033208554246531813
0.003406870180610558
0.0030925743085113274
0.0029255352429604863
0.0034565425867440127
0.0032090239862705237
0.0034070891212676347
0.003474027048357905
0.0029037889678879608
0.0028071199335887144
0.003262878595295914
0.003426176437508669
0.002725955385365598
