0.08142426984184033
0.054336795882420526
0.047766858977219225
0.04135968791342496
0.03653609083009138
0.032169049270962174
0.02889830299607361
0.025188539561075758
0.021541475535302838
0.019696888847770606
0.017260474964649775
0.015801473773994594
0.01520072637434003
0.013508921766391794
0.012996735875955172
0.013187891757018412
0.01193933689988296
0.011462005217956553
0.012138704028732007
0.011293628589375618
0.010231955258807513
0.010525243851791004
0.010275701720682708
0.010598057919888005
0.009735263237993508
0.009818868970859618
0.010285569818853068
0.010280465092390063
0.010288969103481989
0.008922801325663232
0.010026477679463856
0.010271673033425889
0.00880078609137567
0.009517591452613038
0.008770893061225919
0.009281817041659313
0.00855498617261697
0.009414855361797906
0.009930292948665966
0.009142961614213537
0.008019904882911
0.008143324044253188
0.008900742691993514
0.008547322559432566
0.009591233252921851
0.008225253884903624
0.00901342753348927
0.010102162094849777
0.007985945271152515
0.008129159714993003
0.008771782456297303
0.009340244719039723
0.008967216014854831
0.009380536912395439
0.007050560326081513
0.008905489059851439
0.009164049714951777
0.009531177820032778
0.00910302434722822
0.008815385183672388
0.008523198593410117
0.008557879624103244
0.009786257578349219
0.008456654102546488
0.008845431268798103
0.008635608422212204
0.008540155566289303
0.008457557833885262
0.00940508211293307
0.009697737183912446
0.008762956474753213
0.007677826371030465
0.008256645792887431
0.008788468964444922
0.009360960897601408
0.008904241419519485
0.00833365586838392
0.009649942964073153
0.008100077312147732
0.008517039478335554
0.00885372510830988
0.008136249645440873
0.008431233099279992
0.009330428524946647
0.008814556824488524
0.008356704436693807
0.008963211026357375
0.008912504628758052
0.007165266263014792
0.008389492882133096
0.009329167745017531
0.008023866117885933
0.008617196785542203
0.009065965451118473
0.0095311984210358
0.009273923327344549
0.00911432623112768
0.008379887719060182
0.008797126048571025
0.008718164845768673
0.009523333678431509
