0.1667912596818511
0.09308652796262239
0.07619659946088195
0.06746970516863161
0.06400499050123513
0.05896485639367974
0.05535717515660107
0.05691095920244497
0.051750791877714246
0.05215668833800239
0.051674557423295214
0.04896270602568835
0.04898542303201788
0.04499267261129537
0.04303977178656076
0.042268232664049915
0.04368280814721934
0.03842033083899146
0.03661298169580268
0.03188228844152583
0.030146790652868818
0.028859638432585495
0.024412538759370224
0.02228528384654829
0.02111238196778466
0.018624808433289206
0.018466944802292082
0.01610012888187148
0.01623646156375314
0.013973775881513443
0.012922001259473863
0.011797667286483723
0.01120931937194561
0.009965034941164597
0.009113127820963093
0.009103120154460362
0.00777647136577461
0.006973551852643679
0.006669799821568538
0.006611630379654086
0.0055949280281738945
0.005837823696350267
0.005485094501314715
0.005533152482778368
0.005280000511154641
0.004817700816677325
0.004876601216525994
0.005282257711076672
0.0043379157703457025
0.004169361254628975
0.004381985421632501
0.004680667515601148
0.004493176000896213
0.004994504518580218
0.004145766120756014
0.004077025852404257
0.004529058984947885
0.004038360914333718
0.004409913169249537
0.004578035915324775
0.004066022563965819
0.004069864332792032
0.00404395052736926
0.004025310548201163
0.004333535036257663
0.00407162641261213
0.004149079459457997
0.004339286851308854
0.0043709265329152725
0.0038688647389329175
0.004445268973827066
0.0041656886752922595
0.003744778501580572
0.004398925775423624
0.003967218875126885
0.004241367653646179
0.003653239136690209
0.00393959123385328
0.0038323775940204974
0.004413831428786697
0.003838939173702601
0.004653730222068691
0.0031853084813317366
0.004001798487010461
0.003984324811378598
0.004253277456857585
0.0038686300282112875
0.0038009631317203873
0.004349102924699108
0.004392590685529294
0.003702032935016947
0.00398605902034015
0.003954127516788223
0.004133047530160724
0.004219005041078145
0.0036860038272041556
0.004210230749111613
0.004171627280001517
0.004207340430081219
0.0037937005519147744
0.0036131939028584163
