0.14250114274986678
0.10586410327767874
0.08997494793656105
0.08275065017378685
0.0779523894621047
0.0714772287010179
0.06645984066169366
0.059732802642070974
0.053749809721635344
0.04899825617612284
0.04434675568457025
0.03958579968728863
0.03750012962884005
0.03474848135456355
0.031545512486469536
0.02904401995673901
0.027922957605910327
0.02638334272303625
0.02486691310925937
0.0240418082167698
0.021800147791356164
0.021162430764896056
0.02258165118674427
0.0213809842481438
0.02119004192019911
0.02003436199262316
0.019799347025450578
0.019823410898911993
0.020419938933266116
0.019835937770190923
0.0193056714038674
0.019322056883383096
0.018992815124773285
0.01962785251683852
0.019899791454037027
0.018595300716459876
0.021420070833057532
0.019204246855300616
0.018299497406317103
0.019234977266568518
0.019412863581066878
0.018154730805193975
0.018825166174657255
0.018228393266769324
0.018094148867375006
0.02068411796272967
0.01946707128627633
0.018890327737257562
0.02031924962759402
0.018178049473191075
0.019417832671413122
0.01817769021730404
0.019303223481431334
0.01882369206906989
0.01979830593318393
0.01962113717010793
0.01821950828489124
0.020484071399566456
0.017567310922445956
0.019760667635079325
0.017946401274484564
0.018316390085435817
0.017264593655324813
0.0186645318303784
0.018490676954234897
0.01974655421947797
0.018894119801373226
0.01905112773809503
0.017574953315127404
0.01849294319561147
0.018852990664851504
0.01812255349798438
0.018449394019690143
0.019075166310598246
0.01777051833695281
0.01845882406965335
0.017937908674649724
0.01839510266380961
0.018828930487589317
0.018887241186526092
0.019834170391829636
0.01877572944938596
0.01888957372379778
0.0199437910643547
0.01980203517063157
0.01887046252680602
0.019033909733657622
0.01699892922184039
0.018545465765719655
0.018010379881505466
0.017262262211910198
0.0192204782507723
0.017619201087160516
0.018416471577201356
0.018492112102543142
0.018000108544825786
0.018288927809240654
0.017299428826142178
0.018755820429981637
0.018197104209687783
0.017003890674082766
