0.164793698788751
0.12099584021057168
0.10808794546091877
0.10489885558917823
0.1039637688445002
0.10522311408746425
0.10445039602605365
0.10315427203510608
0.10531976946775734
0.10810212935119966
0.106062075744243
0.10543212289219445
0.10747670212488263
0.10321020621955475
0.10517424889000894
0.10415843877057628
0.10694668443719052
0.10445811233258467
0.10484200614558147
0.10557044435573541
0.10515743933919512
0.10547102092594546
0.10416672896369565
0.10482704555909376
0.10515032626773993
0.10471050466394656
0.10484124148866242
0.10353638527853613
0.10345383554381771
0.104211558319764
0.10484829826875858
0.108297209795892
0.10319957123705013
0.10475905477064036
0.10503618976360347
0.10633006982186606
0.10568347503299703
0.10433637993799459
0.10460265458305955
0.10539326500361977
0.10629021197927811
0.10369800494001798
0.10538317240237295
0.10611775017604821
0.10418272191823265
0.10480161445279712
0.10500127034553024
0.10196723652446227
0.10484461198118984
0.10450167554209351
0.10606414729110306
0.10642860534012691
0.10584262860314134
0.10487542129399093
0.10450391814752183
0.10698230495860923
0.10669909005116958
0.10451694515072883
0.10553852596281141
0.10383393735823175
0.1046514907815921
0.10587447294681704
0.1045264803260653
0.10552078912391488
0.10590850586684375
0.10578598160147477
0.10476076432546602
0.10676891021342312
0.1046954885661693
0.10780113162670281
0.10474001410131245
0.10378233240540033
0.10509249700578034
0.1045766641799643
0.10483200858332785
0.10454500188916947
0.10580964974725238
0.10443823009560765
0.10570231360907316
0.10689552498375672
0.10453044869640804
0.10264051601207112
0.10520058481473231
0.10648764769791857
0.10614466242468226
0.10597738588094174
0.1056649663445359
0.10684513636358062
0.10488453075132777
0.10511913182058563
0.10460840623682455
0.10231568790990409
0.10390307433984665
0.10288816519195888
0.103591034372165
0.10378321190923269
0.10378140449305519
0.10517641771982479
0.10448704487488977
0.10701602357459844
0.10622699037064078
