0.1285507424684712
0.11169601100670006
0.10000021671597469
0.09095423659359131
0.0808078598639019
0.07242772790866703
0.06504744778293159
0.05979395504447879
0.05369367810816808
0.04793227786847063
0.044142035374670784
0.039195800292235766
0.035223654958635116
0.03318321777655849
0.03098702618423419
0.028489963472804698
0.02777813952981843
0.02571980938752197
0.02427620887961706
0.02200292029042834
0.021730223629074556
0.02168145988917201
0.020196314361643094
0.018997546557759742
0.017736387687603602
0.018034356206329902
0.016844890507750603
0.016717214044393674
0.015576186887432578
0.015800053860642302
0.01533152047985192
0.015365162307318499
0.014454611900040062
0.013948486170722132
0.014805910450888745
0.014443300115654192
0.014386135068988528
0.013720354719231987
0.01327442180735823
0.013490990080756174
0.01351873142457907
0.014089693587011017
0.013157122221811033
0.01337606014823968
0.013833673287147867
0.013288950680978547
0.013364914855662916
0.013127250624868782
0.012618143378926272
0.013541173234643277
0.013154385852060267
0.013153111868257543
0.013848988975274212
0.01293584120940713
0.01285485304219616
0.013645115496001
0.013486103416012037
0.013449046372085096
0.013522135744471708
0.013566286295269013
0.013413323325799757
0.013746635987512067
0.013188183355108933
0.013544997781420256
0.012522589979283412
0.013092256048354145
0.012409173233011496
0.01354807900762062
0.012968921725335317
0.013070545930821471
0.01274721179599526
0.013110171320251732
0.013314811011148122
0.0127909654123285
0.013241029141849638
0.01255075659868623
0.013558027262319229
0.013629655538062117
0.013192144771847119
0.013814135948332942
0.013578490396209881
0.01276007664393277
0.013436423147239319
0.012449652885064758
0.014127156363509308
0.013862580638643969
0.012420172392626218
0.01321896009117225
0.012828544752841354
0.012711640653924751
0.013253377161303485
0.013051605589309087
0.013629658749071105
0.013155856935821532
0.013601807607682129
0.013066298876084284
0.013065796307824153
0.012971923830835922
0.01316397496537364
0.012774581389964602
0.012856642423671913
