0.19107645309682542
0.07890502261169846
0.060761910315575623
0.05523168181932761
0.048136460236575314
0.042025368099851725
0.03203910596265407
0.026093872900246954
0.021018172532079733
0.017383144374353073
0.013922959022853607
0.012799658707712639
0.011470601727132474
0.010039295623374269
0.00970460472216397
0.008431786837758186
0.00871746337871386
0.008282666713832638
0.0083236168240324
0.00819645707846697
0.008079321489915268
0.007386159509759341
0.007573404459576601
0.00774454980861354
0.007116864101737201
0.006680092876660133
0.007448771225599388
0.006786785923773843
0.006760375083941766
0.007419630910376434
0.007408959025759554
0.00644205990378063
0.007383625845695117
0.006719265611096682
0.006841399801797809
0.007086780415424802
0.007396520040041314
0.00697436524692368
0.006149321659172646
0.007179923744252101
0.0062701921277456395
0.006390336026615191
0.007157039256278217
0.006532830072949388
0.006609482389633124
0.006782966839262483
0.006304828804571381
0.006238093805462491
0.00619325428471195
0.00649716839911702
0.006918920907374532
0.006335665301787618
0.005685939141246212
0.005796110120240715
0.006777258890876814
0.005942742088896204
0.0056482493209196235
0.0065793662101343645
0.005913051450977559
0.0059084156759776334
0.005442340398954879
0.005383660421292992
0.005818419285968413
0.005551777570805527
0.005183271247149716
0.006220509968273806
0.004834924329270755
0.005811155898760085
0.005517486276517728
0.005535153216183556
0.005760190136669387
0.005164067544627258
0.005550794509432817
0.005252737906254642
0.0057008520140365395
0.005005952106993394
0.0049004852747650375
0.005858508573535804
0.005395958543400152
0.005792131463657346
0.0055238911819238505
0.005678339400170875
0.005853764385542636
0.0052741270587288456
0.005640759752269387
0.005661843455705829
0.005742817391183181
0.0054010385870910385
0.005225170799207268
0.005901857110471507
0.005533538104660772
0.004804056482919337
0.0052138387234770866
0.005450570318077361
0.005714223166273872
0.005637854849633082
0.005210987869981344
0.0052471786563141175
0.004784796478080895
0.005429679931475408
0.005191879976761138
