0.73453706508531
0.5301943820152445
0.33064714478174234
0.18287342270604584
0.12893004636343203
0.11713316098884465
0.10759843461468979
0.10210065014541289
0.09531305812907123
0.08989084417035599
0.08037604940143267
0.07338277781372582
0.06456109909666227
0.059076010375987247
0.051414577100864806
0.045444481481603655
0.03919382676595865
0.035137606376147795
0.030257789520070567
0.02745692478141292
0.024133022641538316
0.02243408416699489
0.02032739976896103
0.01967346424959598
0.017955946653200335
0.01721951373913717
0.015639802698459854
0.014577637044462001
0.014389553550397437
0.014563694607007242
0.01260082818792004
0.013798519430938336
0.013397919382938427
0.012003393976526238
0.012295985187346639
0.010775750086390675
0.012268111930139458
0.011569135683894673
0.011693803061695521
0.012287266013156196
0.010555335196309898
0.011046083587970205
0.010877307723313993
0.010456992036307889
0.011106308499012407
0.011512916003050315
0.01071846882031847
0.01015558536671961
0.009928046145984033
0.010958903115896338
0.010623748986807277
0.010966199938671192
0.010519846739997438
0.01098105544485627
0.009347388831491124
0.011235893625330865
0.010442280808748332
0.009981510462767736
0.009685721482583861
0.01108208833832215
0.009440091192070376
0.010549265240273898
0.009715841309693794
0.00947872118035384
0.011250103999803788
0.009472032611900274
0.009537057720905738
0.009741085529159046
0.010657564298644126
0.009553578104709137
0.010756691174883717
0.010077683193629968
0.010490825552495621
0.010594583627778651
0.010106157932031005
0.010583455945555932
0.010740039308337944
0.0099180172838208
0.010241464042179085
0.010186011132627484
0.01006578390632757
0.009640724125891589
0.009617144234535604
0.009928561304420795
0.009975389785199363
0.011395399589507695
0.009687787395603623
0.009732570682752092
0.009454248946755407
0.010600458850425043
0.01076410184631761
0.009375154297927993
0.010233932923241828
0.010234548571533667
0.010449204268767815
0.009708001580350253
0.009981846939029506
0.009724893665769495
0.010419399058121748
0.010636170780717703
0.010321550643386856
