0.18726277059196764
0.0787462149524499
0.0646477032028226
0.05827749156966821
0.05331068488982024
0.0480613114164335
0.04318952355584652
0.04053125044041947
0.0359115350962619
0.03323911125570894
0.02926557438417869
0.027397179495034934
0.025653505507608095
0.02396884486354081
0.022250432656562777
0.02052700896975201
0.019193004214251682
0.01801440958602392
0.016827120617673424
0.01528526497383998
0.014795979660932069
0.013856036364469415
0.013266755369818693
0.012798244873250915
0.012845022181679247
0.012648975787227226
0.011853282623861023
0.011170478818375762
0.01153226909911634
0.010733091170798266
0.009769225452144918
0.010091816285766064
0.010157631874704564
0.010623144202315539
0.00932440284054801
0.009308141383960432
0.00942142817389644
0.009574116135707267
0.00948620886654695
0.00920477815009005
0.00891240211112798
0.008865569206397663
0.009256145961292444
0.009484684984235336
0.008823152019126534
0.00824001255457129
0.009191265680217019
0.00807016133479152
0.008911731779331866
0.009307262619048884
0.008654406343014147
0.008384463358241324
0.009467915049063635
0.009234205048743073
0.008623203317374976
0.009044031854850932
0.009591079966891748
0.009253524201773725
0.009355118359994453
0.008550074196015448
0.008950988972435866
0.008443926446100853
0.008746674415010071
0.00954295334448711
0.009537677269264378
0.008565187375076569
0.008810808251494062
0.008543691076679518
0.008514953712757421
0.009336932873908984
0.009482249433627583
0.009262570170421043
0.00866195955979614
0.008827272017147824
0.008554570935853068
0.008880287125650968
0.00872357944112733
0.009652441918130509
0.008618342191788007
0.008114011612936234
0.009203549114384316
0.009180901778242625
0.008819801496427472
0.008665908289548763
0.008341331190083996
0.008821451834814805
0.009097922520653418
0.008326914009482269
0.00884848940709257
0.009140445125380089
0.008686610276817894
0.008690403602959073
0.008709227682330505
0.007932058338830986
0.008738396415707962
0.008709557096123465
0.008439657027831142
0.009399454871437672
0.009111524269213083
0.008977578176438942
0.008981306508203755
