0.22016185324924833
0.10791086341083493
0.08251645114089799
0.07307609438515984
0.06167988896359198
0.05152286778712599
0.0425845112072024
0.03368306161868062
0.027088799679825738
0.022694717207748856
0.019190508205286578
0.01723102050159762
0.014570766629429797
0.013367453460432619
0.012414904660304484
0.011218618340228248
0.010547140578284249
0.00994528757112745
0.008907255284670436
0.008609237020535761
0.008502222834245118
0.008115056507667154
0.007900868638395269
0.00738795451686501
0.007692308244667754
0.007854954041186208
0.007566367824110996
0.007710483680443612
0.006451139963587867
0.007466602522707145
0.007243911157255475
0.006470996816695902
0.007216596874073066
0.006443231086950024
0.006716742425711247
0.005803254903134387
0.006231809742897621
0.005852823830629707
0.006704305577921784
0.005890457231867379
0.006305433051780924
0.006096742082158829
0.005762144475966536
0.006296867658823263
0.005339823985819671
0.005905797632782812
0.005529948148445409
0.0053876062811463715
0.005815906689440038
0.005219179095611246
0.005701343094478862
0.004985842542801204
0.005168127550271787
0.005427490491206975
0.005284412440969006
0.005260832784730844
0.005734582548206739
0.0050675593922469165
0.005397169256547302
0.004612699548963907
0.0052035132828774045
0.004923378264193513
0.005460148227609699
0.005061590417635781
0.004957812873976176
0.005677921785186315
0.004655082802755257
0.005678059735487373
0.004626816392161215
0.004836911526429405
0.004578923352458276
0.004924223053179653
0.004752725961768698
0.004579541508901961
0.004413065327509614
0.004478633699517808
0.0047168287890792205
0.004930197054240369
0.004877722299433792
0.004490561644170495
0.004511126951743597
0.004834004388098257
0.004466814080079955
0.004657864873700833
0.004593272286963814
0.004495428834599126
0.004390176082616739
0.00454829501066727
0.003895000728381621
0.0044601322461580144
0.004750922748446435
0.0041394086817986364
0.0042925400755060555
0.004046628892537659
0.0038437083090291516
0.004343440595979282
0.004254813272323496
0.004328711416277929
0.004097881150644926
0.004402173381129036
0.004601257931774239
