0.15946361320475708
0.10542917236100234
0.09576189724868105
0.08607325736678587
0.08146828157249507
0.06989399388450267
0.05675952070729748
0.03856637265261371
0.033006242640838186
0.031148437384107948
0.028875656844633776
0.0270098980748587
0.026609813056835525
0.0243284948011019
0.02331452239891935
0.02309365401557854
0.019854048404436234
0.01902395733670865
0.01798169649402592
0.01735480377674412
0.016782048315319233
0.01625459995842377
0.01525396256031547
0.015301125326042931
0.01426049486767655
0.014074148267132288
0.014818016724225018
0.012462029885906322
0.011608392402747145
0.012816438520628113
0.012201295695250577
0.011117654914769223
0.0114467529799496
0.01174986653066158
0.011934207722903822
0.010668915609838703
0.010404879707244664
0.010602668240259154
0.009197050971979374
0.009986422413757036
0.010689961736704976
0.01060040813199965
0.010147539929415151
0.009824015846008168
0.009888644810223269
0.010671902718246586
0.007684139934400093
0.008945111285056973
0.008088736426788158
0.009672449663271207
0.008010916964932712
0.009095501377377349
0.009207854564987326
0.010044851512394468
0.00869628089310775
0.008581422882379126
0.009261199931194381
0.009587958098976416
0.009977455526442188
0.009054961931550538
0.00922368285624807
0.008342655778214397
0.008175213321646084
0.009039685538948709
0.008397828021500173
0.008196409743986482
0.008834659031649983
0.008964243065890802
0.008471740723846525
0.008287945353325447
0.00895278117744479
0.008540549613311615
0.009993909451109097
0.00766883813087829
0.0082522002987829
0.008644188000394525
0.010086218924124191
0.007110101378381314
0.009149123173810999
0.008834524050407905
0.008635730943746
0.009007234161619467
0.007494874774493811
0.008214081703067474
0.008206048167660442
0.008519146339157114
0.009013818609590636
0.00868133812780297
0.008034771105182024
0.01018860672839695
0.00846269687877752
0.008601783577530497
0.00784963215287425
0.007893205609960463
0.008089625774532665
0.007848745608242296
0.008260830865481903
0.009885333117391714
0.008282700001067973
0.008307386616810832
0.008306799243197093
