0.20161331980252123
0.12158306492570252
0.08413158887216833
0.05450262595108538
0.035338599370034134
0.025431530880467654
0.02032904187273435
0.017802275837073247
0.015915713617533404
0.016130321464394866
0.01467133740573235
0.015581993519476802
0.015155794831637736
0.015239879138391522
0.015176107650465164
0.01443631594681922
0.01448292190631893
0.014149252195870194
0.012623653147286952
0.013652336476767033
0.013437837410989695
0.012444780681435437
0.012224228568312448
0.013777098387602866
0.014338355714259718
0.012375404641597698
0.013358565496827794
0.014087279196076994
0.013097257204167044
0.012866655675026331
0.013596791878937801
0.013219919336561524
0.012530377891402381
0.013209832781077095
0.012940116584355323
0.01311000666091897
0.012164303687661566
0.01243796616173538
0.012825722130453477
0.011678637540363747
0.013394216722786624
0.012890169071417459
0.011512813061414329
0.013391296644518125
0.011414474327466855
0.012847184628270955
0.011830905326123351
0.011870102969157184
0.012208739547134044
0.012835656879191458
0.013178527319122604
0.012805663798644517
0.013201062769963993
0.011797819581368996
0.011638673037946124
0.011189451305545104
0.011948146145876862
0.01193397550478261
0.011786618809540786
0.011291175910248308
0.012784676522741777
0.012832075611342718
0.011552126853376758
0.01202552976328927
0.01234656082556644
0.01161107746954611
0.012655758963018522
0.012885955116208813
0.011684480420800489
0.011425989256946746
0.013115575893136869
0.010849254447259834
0.012651642679792872
0.011998980069290689
0.011461593895086494
0.012425803541688485
0.012250284111213499
0.013039863302368405
0.012646277995098775
0.010747363193481076
0.012984117828565163
0.012308997283885669
0.012173066432969788
0.012416977792414127
0.012888873455688496
0.011246672042066318
0.011967593787549025
0.012016477165708169
0.011747409991743606
0.012312024814152311
0.012311700007137069
0.012465740336799
0.011898749864999787
0.011692250691136052
0.01269511287285998
0.011349696101382974
0.012964431891008252
0.012561257135932606
0.012335163045322759
0.012302851439016646
0.01294302166519645
