0.28826141199884514
0.1071247526771786
0.07721822787872448
0.06881445932842974
0.06077665339099221
0.051984107494969296
0.04420199355027947
0.03618794151851327
0.031395275407625545
0.02686176402833232
0.023948209091616428
0.02164688648179046
0.01940076336366454
0.017590524865573165
0.015989277322295863
0.015034288510127693
0.014035518122947552
0.013041548574280732
0.01187925312674621
0.01122421559132061
0.011316102630317636
0.010061667460608228
0.010196862595481325
0.009821062402603218
0.009888989018795528
0.009428322691024388
0.009595485373595817
0.009290383130360102
0.009135340941791048
0.009038324094310083
0.008992874526588628
0.008809377891050537
0.008965228418298578
0.008891454409650591
0.008684948643022446
0.008923773031155744
0.008644734026430099
0.008639226880309957
0.008909006990483886
0.008639368858034324
0.008733983427733112
0.008400647924607244
0.00892448538387197
0.008058430104642678
0.00859873869353159
0.008407550395546273
0.008041143486820725
0.008613518770047658
0.008747062189567811
0.008108018911385939
0.008681073087740956
