0.24138497646582374
0.1211510667382981
0.10376128209428165
0.09935227289945521
0.0849053735639783
0.07819256111708349
0.06809349921245403
0.05881650486526203
0.05169110319478497
0.04496445294299481
0.039787492950941576
0.03697081181782363
0.03374896556900105
0.031679996173567135
0.02971409188870639
0.028051459170008272
0.026368900667360484
0.025260135556936687
0.02315430052738703
0.023260451728081444
0.021309114127665365
0.019856107854577948
0.02097672260471142
0.019012156656334784
0.018780573907359557
0.017420884322824907
0.016845591653388056
0.016633383101958558
0.01658789348436669
0.016118334678980013
0.015734498506471295
0.015340639440655295
0.014119255228918918
0.01460913526646863
0.013453407830700563
0.012643799781686059
0.012087413676424396
0.013421594209794241
0.012915739982345778
0.01175697535669845
0.011194447091193696
0.01267484167592948
0.011359089723494127
0.01127615506876694
0.010554860345338367
0.010980520852254873
0.01092759619519518
0.011271487226920177
0.011627476888388595
0.01090626302070772
0.010269011743645721
0.010268774473918451
0.009849350414230084
0.009527339480476772
0.009728340035929943
0.010123151123314524
0.01014546969450336
0.009806208163066139
0.009456289413215095
0.009537705971186812
0.010097360041483395
0.009672627628274729
0.00908948052557616
0.008178763232869916
0.009930826827068332
0.009311035220258789
0.009845518953539663
0.0097789204647303
0.008712050937375043
0.009097561952885152
0.00953221069013249
0.0085176171921918
0.009463833466211758
0.010239365178270943
0.00936952917394461
0.009944813371292218
0.00927336613759805
0.009680589348203473
0.010512269816112694
0.010096869290750184
0.00869996685460072
0.009776330868944387
0.009976494821771943
0.008262418565137715
0.009132392618816808
0.008628245491068644
0.008869824813664847
0.009190878019356266
0.010164695847763782
0.008073297860339917
0.009692883469292545
0.009490541012243862
0.008969173385720931
0.008907552902399809
0.00929779193110203
0.00964184984419283
0.009545880905064485
0.009285308110853051
0.009281078214070492
0.009289624971367526
0.008689370934792162
