[[0.46818667 0.4306341 ]
 [0.25256503 0.32961278]
 [0.34340989 0.30295047]
 [0.33279283 0.29022715]
 [0.30444731 0.28386105]
 [0.29244603 0.28184997]
 [0.28156519 0.28055357]
 [0.27876231 0.28625848]
 [0.28700485 0.28954878]
 [0.29652252 0.29467105]
 [0.32691688 0.29565698]
 [0.35124394 0.29629015]
 [0.3835859  0.29775302]
 [0.40220877 0.31305105]
 [0.42791505 0.52370012]
 [0.78231529 0.70600923]
 [0.84886087 0.6740545 ]
 [0.55798962 0.50448445]
 [0.3455599  0.3460901 ]
 [0.26971422 0.30909107]
 [0.32623514 0.30064793]
 [0.31178377 0.29369173]
 [0.29788548 0.29019362]
 [0.29588478 0.28668757]
 [0.29452717 0.28468818]
 [0.29392808 0.2801938 ]
 [0.28735498 0.27583432]
 [0.28257416 0.27370492]
 [0.27928233 0.27035973]
 [0.27269916 0.26513497]
 [0.26324002 0.25958705]
 [0.25651124 0.25409162]
 [0.25386009 0.25010212]
 [0.25651126 0.2430877 ]
 [0.25635208 0.23704227]
 [0.26394642 0.25394492]
 [0.31165196 0.27758772]
 [0.34462533 0.37805358]
 [0.50568407 0.5058248 ]
 [0.62116099 0.42402938]
 [0.30503977 0.29710765]
 [0.19943495 0.24896283]
 [0.2516063  0.2393755 ]
 [0.24554679 0.23652855]
 [0.23463451 0.23554078]
 [0.23129287 0.23867597]
 [0.2359382  0.23789   ]
 [0.2317097  0.23887452]
 [0.23599491 0.23946555]
 [0.23839398 0.24059787]
 [0.24187362 0.24325408]
 [0.24675992 0.24721737]
 [0.25202383 0.25025375]
 [0.25427498 0.25508905]
 [0.25929391 0.25953635]
 [0.26323945 0.26342983]
 [0.26644475 0.26856492]
 [0.27562588 0.27387863]
 [0.28446931 0.27920727]
 [0.29532737 0.28685845]
 [0.30956153 0.35159495]
 [0.42711414 0.45978987]
 [0.54962087 0.50078713]
 [0.48471458 0.42379207]
 [0.3219311  0.33746572]
 [0.28579913 0.29489227]
 [0.29520498 0.2939395 ]
 [0.31319722 0.34802063]
 [0.40152475 0.64164572]
 [0.83836416 1.06024563]
 [1.28633069 1.328144  ]
 [1.30314638 0.91038222]
 [0.30791476 0.4891912 ]
 [0.24189836 0.33859598]
 [0.36920078 0.30047488]
 [0.32798889 0.28312415]
 [0.30229633 0.27830142]
 [0.28348339 0.27488822]
 [0.261305   0.27530763]
 [0.26769093 0.27578477]
 [0.27092101 0.28052635]
 [0.29205334 0.28666018]
 [0.32298771 0.6789349 ]
 [1.06865171 2.5632385 ]
 [4.02560138 3.90734967]
 [4.62810629 5.06154283]
 [5.27310213 4.278677  ]
 [2.82709504 3.00537617]
 [1.95637709 1.746906  ]
 [1.17373998 0.89345032]
 [0.64469961 0.53570292]
 [0.56949595 0.39746703]
 [0.45818834 0.35211122]
 [0.40456149 0.33105205]
 [0.40192355 0.321686  ]
 [0.41472362 0.31137132]
 [0.41460994 0.30205293]
 [0.41028769 0.294767  ]
 [0.40145071 0.29056278]
 [0.463575   0.28715485]
 [0.25512333 0.28611982]
 [0.28586828 0.28729163]
 [0.28629651 0.28570832]
 [0.27887978 0.2870087 ]
 [0.28725773 0.29063947]
 [0.34262048 0.2958276 ]
 [0.41799917 0.29991155]
 [0.56547205 0.30595582]
 [0.69425872 0.36677432]
 [0.84618572 1.00315185]
 [1.89189025 1.4677415 ]
 [1.92703598 1.50005933]
 [1.25532733 1.3646045 ]
 [1.14058943 1.08210835]
 [0.84554775 0.72516717]
 [0.50741268 0.49203272]
 [0.43444161 0.3896513 ]
 [0.39646413 0.3778135 ]
 [0.42130572 0.39708775]
 [0.4477415  0.34608875]]
