0.14876366564152815
0.09914104668127449
0.07845202979145419
0.0671588035072152
0.06065746816540733
0.05783025211042793
0.05279089016710388
0.05115132487785812
0.046079706176924744
0.04245884378279622
0.04138648023854784
0.03481683880759462
0.033170616159105715
0.03189681524528479
0.030683872218493467
0.028338502600459045
0.023784060603486895
0.022640797962197638
0.020595004385516164
0.019529257019593908
0.018056632567876287
0.01578019437984177
0.014120741194443353
0.013585551539252429
0.012507012749885646
0.012769938128340255
0.012536261881974771
0.010727939321068828
0.010172497921199912
0.010237203013005127
0.009589120062452949
0.008860391080662935
0.00888773655382534
0.008354299796581777
0.007895863678197432
0.007709454867818311
0.007487889086142179
0.007865700128098932
0.0071115378973671374
0.006599421053558946
0.006541590072250576
0.006650215005908418
0.006204968034155083
0.006252473513211942
0.006018310441902986
0.005372081837796068
0.00569535582276802
0.0056386481857203345
0.005789780440656147
0.0056112312869135384
0.0053356125396610355
0.005272774504927115
0.004972176731904689
0.005117429511515175
0.005023768011025105
0.004705142112950056
0.00466908083891104
0.004840324808636163
0.0046056318911054
0.005055445270207435
0.004920669649193521
0.004310326508441467
0.0050614396571117114
0.004279804289039551
0.004474673347454435
0.00405321970069732
0.004361377124701087
0.004565163166353865
0.004221667608159548
0.0038298223611256932
0.0039718001537853605
0.0040035415786152315
0.004143138530270711
0.004346473344573762
0.004005086789310386
0.00393592493654986
0.003704140665139773
0.0044972773175795365
0.003858248683538316
0.0037444751129724757
0.0037785420037465714
0.0040712825902199925
0.003734130220290003
0.004140698458435487
0.003739664907078613
0.0036365253641463266
0.003441800679881544
0.0033512722870733236
0.003907199171565328
0.003622962670145316
0.004054957979333401
0.0036496971803471573
0.003965740572994051
0.0039011046426701023
0.0036978012731634503
0.0037652564987298224
0.0036580764490770083
0.003748048904800261
0.003924401769155698
0.003815314976820861
0.004047391289404933
