0.09148727542292859
0.053785366655664406
0.045192866671115176
0.03804832849189358
0.0332370778871091
0.029510290375493606
0.027303390040861714
0.02707727297278165
0.026307082490364685
0.027576243806617187
0.026309546818757985
0.026787880538682994
0.02590790212663175
0.026347878422319174
0.027416452565651773
0.02597064542837405
0.02674272485687393
0.025834546942156453
0.026052281889767617
0.026847325646679437
0.026459408616813042
0.025337506760288793
0.02594971557843527
0.026254625917544325
0.027456057491313753
0.026841070338288635
0.02549237439999225
0.027073342826664085
0.026422642010155678
0.026143662520982738
0.0268432820137777
0.02645655387843659
0.026125719172113482
0.02674116535035816
0.026297724218943344
0.0260426294235484
0.027246209873803773
0.026192941116428732
0.025785316891375417
0.026694228734378374
0.02676984470073546
0.02597509610162455
0.02561772621849436
0.026048024190082755
0.02658093386212288
0.025942094974220467
0.026091173261476513
0.02724685684519621
0.02700228530994837
0.026451212240529577
0.025576103337678777
