[[149.70355589 149.5       ]
 [143.52071814 144.5       ]
 [137.20862186 137.5       ]
 [129.86324585 131.5       ]
 [128.7361163  126.        ]
 [125.32421869 122.5       ]
 [123.57668528 118.5       ]
 [120.84141875 119.        ]
 [121.89331253 123.        ]
 [125.62323916 128.        ]
 [131.15086062 136.5       ]
 [140.07402154 142.        ]
 [146.64791865 144.        ]
 [148.65754387 144.        ]
 [147.74194834 144.        ]
 [146.35063764 144.        ]
 [145.14699681 143.        ]
 [143.71169794 143.        ]
 [143.67419868 143.5       ]
 [144.39738684 145.        ]
 [146.22278497 146.5       ]
 [147.70546912 149.        ]
 [149.35802122 150.66666667]
 [149.46377478 150.        ]
 [147.18101734 148.        ]
 [144.16733768 143.        ]
 [138.60731169 135.5       ]
 [131.46648963 129.5       ]
 [126.16143726 122.5       ]
 [121.2999351  116.5       ]
 [117.27650915 111.5       ]
 [113.27080824 106.        ]
 [109.30835488 102.        ]
 [106.74109417  98.5       ]
 [104.67410015  95.        ]
 [102.39685515  92.        ]
 [ 99.9659289   89.        ]
 [ 96.89280682  86.        ]
 [ 93.27549606  84.        ]
 [ 90.50959554  83.        ]
 [ 89.27112817  85.5       ]
 [ 92.08777293  89.        ]
 [ 96.94650107  93.5       ]
 [103.36261737  96.5       ]
 [108.13773508  99.5       ]
 [111.63496405 101.5       ]
 [112.4798593  103.5       ]
 [111.73011121 105.5       ]
 [109.95798319 106.        ]
 [106.75122422 106.        ]
 [103.78097047 106.        ]
 [101.93748395 105.5       ]
 [100.64886082 103.        ]
 [ 98.58788059 103.        ]
 [ 98.67880849 103.5       ]
 [ 99.2218961  107.        ]
 [102.7252464  111.        ]
 [107.41822871 118.5       ]
 [115.8365653  125.5       ]
 [123.51344889 130.        ]
 [127.97440435 132.5       ]
 [129.71862527 135.5       ]
 [131.67510093 137.        ]
 [132.27670501 137.        ]
 [132.55681625 138.5       ]
 [134.78797628 137.        ]
 [134.65348633 140.        ]
 [138.4644908  142.        ]
 [140.88021119 143.5       ]
 [142.82078362 147.        ]
 [145.9902775  142.        ]
 [140.35570917 139.        ]
 [136.43689512 133.        ]
 [128.9717003  125.        ]
 [120.52504115 116.5       ]
 [112.69789672 102.5       ]
 [103.0549832   99.        ]
 [ 99.33039826 104.        ]
 [102.80278848 106.        ]
 [106.14038006 109.5       ]
 [110.7654455  114.        ]
 [116.66912023 118.        ]
 [122.5869632  121.        ]
 [127.05951067 125.        ]
 [130.7876027  128.        ]
 [132.38129042 130.        ]
 [132.58448406 130.        ]
 [131.27189169 130.        ]
 [130.45730506 130.        ]
 [130.15241324 131.5       ]
 [131.72889506 133.5       ]
 [134.13604419 135.        ]
 [136.25982048 137.5       ]
 [138.80652108 139.5       ]
 [139.03615805 140.5       ]
 [138.43631865 139.5       ]
 [135.91445862 137.        ]
 [131.96668495 132.5       ]
 [126.39477689 103.5       ]
 [103.25819986 115.5       ]
 [109.05980061 112.5       ]
 [109.14831181 110.        ]
 [108.89221953 106.        ]
 [107.79552905 105.        ]
 [108.06911787 106.        ]
 [109.65845512 113.        ]
 [115.71679957 118.5       ]
 [122.21987235 123.        ]
 [127.59847645 129.5       ]
 [133.13117141 135.5       ]
 [137.02201778 137.5       ]
 [137.5901841  137.5       ]
 [137.08015687 137.5       ]
 [136.79437295 138.        ]
 [137.18670367 139.        ]
 [138.25169928 140.        ]
 [139.380987   143.5       ]
 [142.9043117  145.        ]
 [143.75224089 142.5       ]
 [140.6325285  140.        ]]
