[[143.69402207 144.5       ]
 [136.39382285 137.5       ]
 [129.63331454 131.5       ]
 [123.19588501 126.        ]
 [126.94666781 122.5       ]
 [125.3061584  118.5       ]
 [124.82222149 119.        ]
 [122.96310692 123.        ]
 [124.92892323 128.        ]
 [129.49936538 136.5       ]
 [135.99276877 142.        ]
 [145.12676971 144.        ]
 [150.74352022 144.        ]
 [151.40398405 144.        ]
 [149.31365067 144.        ]
 [147.03528924 143.        ]
 [145.47452433 143.        ]
 [144.27566527 143.5       ]
 [144.5482537  145.        ]
 [145.69190519 146.5       ]
 [147.54275636 149.        ]
 [148.46633081 150.66666667]
 [148.62536263 150.        ]
 [147.08801865 148.        ]
 [143.47306809 143.        ]
 [139.58011482 135.5       ]
 [133.91443748 129.5       ]
 [127.55851206 122.5       ]
 [123.57955221 116.5       ]
 [120.66867518 111.5       ]
 [118.04543244 106.        ]
 [114.92870442 102.        ]
 [112.01993955  98.5       ]
 [110.59122722  95.        ]
 [109.58498249  92.        ]
 [108.05090073  89.        ]
 [105.85370336  86.        ]
 [102.55966394  84.        ]
 [ 98.55798262  83.        ]
 [ 95.79965299  85.5       ]
 [ 95.34281318  89.        ]
 [ 99.65525219  93.5       ]
 [106.42779992  96.5       ]
 [114.26459572  99.5       ]
 [119.30994843 101.5       ]
 [121.35004339 103.5       ]
 [119.50138    105.5       ]
 [115.34252816 106.        ]
 [110.33556729 106.        ]
 [104.83362033 106.        ]
 [100.58872542 105.5       ]
 [ 98.36219526 103.        ]
 [ 97.20483587 103.        ]
 [ 95.75629761 103.5       ]
 [ 96.07964037 107.        ]
 [ 96.59901777 111.        ]
 [100.22293901 118.5       ]
 [105.44343883 125.5       ]
 [114.15602322 130.        ]
 [121.76257494 132.5       ]
 [125.65454369 135.5       ]
 [126.65927702 137.        ]
 [127.99715359 137.        ]
 [128.6706083  138.5       ]
 [129.65250194 137.        ]
 [132.59865023 140.        ]
 [133.81721749 142.        ]
 [137.57587003 143.5       ]
 [140.33817902 147.        ]
 [141.79646462 142.        ]
 [143.74070637 139.        ]
 [137.60455612 133.        ]
 [131.89131152 125.        ]
 [123.72213768 116.5       ]
 [115.60040817 102.5       ]
 [109.39157592  99.        ]
 [102.84422386 104.        ]
 [100.2366854  106.        ]
 [104.30636513 109.5       ]
 [108.68514854 114.        ]
 [114.47226926 118.        ]
 [121.60713962 121.        ]
 [128.28699277 125.        ]
 [132.41736448 128.        ]
 [134.59858943 130.        ]
 [134.48061302 130.        ]
 [133.33736575 130.        ]
 [131.4874035  130.        ]
 [130.52987177 131.5       ]
 [130.59178625 133.5       ]
 [132.61684439 135.        ]
 [135.51105985 137.5       ]
 [137.72635291 139.5       ]
 [139.34678167 140.5       ]
 [137.42664721 139.5       ]
 [135.01213589 137.        ]
 [131.04639214 132.5       ]
 [125.94926934 103.5       ]
 [119.97681321 115.5       ]
 [100.90986104 112.5       ]
 [105.60957342 110.        ]
 [108.38733143 106.        ]
 [109.48972314 105.        ]
 [109.74082703 106.        ]
 [110.96665398 113.        ]
 [113.38424421 118.5       ]
 [120.09921295 123.        ]
 [126.97941381 129.5       ]
 [131.61967934 135.5       ]
 [135.17901609 137.5       ]
 [137.22553066 137.5       ]
 [137.14882741 137.5       ]
 [136.47094116 138.        ]
 [136.23978446 139.        ]
 [136.79789888 140.        ]
 [137.95562301 143.5       ]
 [138.93137821 145.        ]
 [141.72469739 142.5       ]
 [141.69369802 140.        ]
 [137.54842043 134.        ]]
