[[137.0840159  137.5       ]
 [129.45157033 131.5       ]
 [123.18291443 126.        ]
 [118.29700614 122.5       ]
 [125.960154   118.5       ]
 [125.52715779 119.        ]
 [125.90548239 123.        ]
 [124.87432709 128.        ]
 [127.70738751 136.5       ]
 [133.30648797 142.        ]
 [140.93296337 144.        ]
 [150.29138199 144.        ]
 [154.95038894 144.        ]
 [154.40808747 144.        ]
 [151.27382298 143.        ]
 [148.12664105 143.        ]
 [146.05596166 143.5       ]
 [144.77833874 145.        ]
 [144.99835446 146.5       ]
 [146.15669634 149.        ]
 [147.67810216 150.66666667]
 [147.8456133  150.        ]
 [146.62406825 148.        ]
 [143.79161167 143.        ]
 [139.36356907 135.5       ]
 [135.06895894 129.5       ]
 [129.84781906 122.5       ]
 [124.71434769 116.5       ]
 [122.05274433 111.5       ]
 [120.52628966 106.        ]
 [118.83597054 102.        ]
 [116.52481961  98.5       ]
 [114.68041043  95.        ]
 [114.44469829  92.        ]
 [114.61932551  89.        ]
 [113.99124812  86.        ]
 [112.16428501  84.        ]
 [108.71962004  83.        ]
 [104.28172531  85.5       ]
 [101.29724829  89.        ]
 [101.2053649   93.5       ]
 [106.44823791  96.5       ]
 [114.40565117  99.5       ]
 [122.83806031 101.5       ]
 [127.40536401 103.5       ]
 [127.54779014 105.5       ]
 [122.98945519 106.        ]
 [115.93142462 106.        ]
 [108.68057766 106.        ]
 [102.09422329 105.5       ]
 [ 97.62443269 103.        ]
 [ 95.66988852 103.        ]
 [ 94.95933413 103.5       ]
 [ 94.15319251 107.        ]
 [ 94.72043949 111.        ]
 [ 95.15704664 118.5       ]
 [ 98.94287614 125.5       ]
 [104.6880183  130.        ]
 [113.80375924 132.5       ]
 [121.46376709 135.5       ]
 [124.9439959  137.        ]
 [125.34974849 137.        ]
 [126.14281491 138.5       ]
 [126.68715008 137.        ]
 [127.90024748 140.        ]
 [131.03962198 142.        ]
 [132.92938293 143.5       ]
 [136.25168768 147.        ]
 [138.91303066 142.        ]
 [139.66509544 139.        ]
 [140.30989764 133.        ]
 [133.70913096 125.        ]
 [126.72902768 116.5       ]
 [118.59945143 102.5       ]
 [111.58155144  99.        ]
 [107.15961421 104.        ]
 [102.78313857 106.        ]
 [100.99850966 109.5       ]
 [105.73136655 114.        ]
 [111.1659388  118.        ]
 [118.26221005 121.        ]
 [126.77826112 125.        ]
 [134.2325382  128.        ]
 [138.02539188 130.        ]
 [138.8139214  130.        ]
 [137.17669725 130.        ]
 [134.79512881 130.        ]
 [132.30465385 131.5       ]
 [130.96019163 133.5       ]
 [130.99976461 135.        ]
 [133.02681903 137.5       ]
 [135.91375534 139.5       ]
 [137.7820496  140.5       ]
 [138.26056542 139.5       ]
 [134.54174401 137.        ]
 [130.67021459 132.5       ]
 [125.68041436 103.5       ]
 [120.05564797 115.5       ]
 [114.41173546 112.5       ]
 [ 99.35266866 110.        ]
 [103.6147549  106.        ]
 [108.22800339 105.        ]
 [110.34357012 106.        ]
 [111.61220109 113.        ]
 [113.70156619 118.5       ]
 [117.01400975 123.        ]
 [124.61406745 129.5       ]
 [131.86220466 135.5       ]
 [135.76039445 137.5       ]
 [137.57115627 137.5       ]
 [138.0534939  137.5       ]
 [137.3483323  138.        ]
 [136.35203394 139.        ]
 [135.91301116 140.        ]
 [136.29941956 143.5       ]
 [137.19445343 145.        ]
 [137.71169494 142.5       ]
 [139.51893218 140.        ]
 [138.51578133 134.        ]
 [133.47608316 125.        ]]
