0.33014813057840964
0.14913859267085264
0.07498908392082386
0.06470459431883062
0.05975108934281276
0.053039899364784336
0.050043145349259514
0.04665025951873488
0.04234973717432006
0.04113595646941089
0.039789810942545176
0.03551693212591053
0.03352095653600232
0.03406879608566422
0.03158655624630662
0.02959782392116384
0.026051176572634557
0.027158009137821012
0.025746393458487796
0.02461288863155707
0.024133233337945502
0.02499382459319514
0.023969815962500442
0.022247310485280485
0.021368741704202308
0.020009134858846898
0.020584652478883036
0.02014933239087129
0.020816519185960728
0.018931984407664363
0.021357719403319254
0.01838086438036423
0.019782788979154222
0.01804057936853641
0.018698310671505295
0.0183699230389242
0.01811376742864707
0.018153263310070007
0.018218951544013328
0.01616814173951939
0.016489460209499842
0.01798019458667633
0.01832563611184603
0.018302918944265875
0.01732154226928402
0.016835958544251885
0.01817742470377812
0.016533460435834132
0.016266662380290373
0.018182304397184868
0.01860457624063219
0.017028232578293997
0.01707810202012015
0.017345846317866478
0.017997313004017215
0.01685472048160948
0.01754089580963303
0.017841639973766626
0.017840883976600923
0.016856907113579553
0.01715008576177287
0.016351125355768444
0.016846707238908246
0.017453037584181954
0.01637288592171269
0.015892828606613143
0.017257534955333973
0.017324759586457936
0.017940913358650386
0.017813370615813204
0.016908735533773218
0.01664355112274674
0.016517608426546072
0.01516593062401844
0.01660130332390795
0.01720299709368195
0.016919084380406044
0.015562799519247585
0.017300202047501916
0.016277745880852373
0.017354808514108637
0.017509393735275595
0.017055997291579913
0.014349063060318601
0.01587083343850694
0.017079593674756068
0.016006724671196973
0.01587961460084482
0.01662501456131166
0.015715616483261738
0.01683564849387618
0.017337653545868956
0.015690025866037686
0.016855119852715508
0.015071364635814601
0.0160135165277931
0.014453945417684992
0.016640317533482725
0.01736849172085885
0.014826024887315959
0.01507656503513439
