0.12161531361971596
0.09685508778121106
0.08819666586217838
0.07949483427322915
0.0717023311023485
0.06347851857716313
0.05363923054874988
0.04732494973887375
0.042853618561080005
0.0371721419440201
0.03435214644509962
0.03132112228769901
0.026373717522434177
0.02441645869546814
0.02258872819201088
0.020674588429978585
0.019096159837623052
0.017919994796441362
0.016407139337068076
0.01692064549160419
0.015857940156358726
0.014578462558168461
0.015363798595291682
0.014287227489538857
0.014170085786651633
0.013535375411443465
0.013441979665210458
0.013117392690842052
0.012943847697887619
0.013033977800593587
0.013112892056842206
0.012780914226641273
0.013631424491020967
0.013276009667115682
0.0129977616228369
0.013669846444640229
0.012920832954376986
0.012276972321269513
0.012876664990556464
0.01215733608191668
0.013205223813591908
0.012839310839794964
0.013044344640439815
0.01306880746839858
0.012692866197104134
0.012550607213916548
0.012883575704171703
0.012507526557900727
0.012769330894594519
0.01266843771962407
0.012237368513369415
