0.7779604868018135
0.5167630299918251
0.3393740635518209
0.22819076695836482
0.16119512655291454
0.12927257136702597
0.11209587972516838
0.10904103323492269
0.10796359204608219
0.10894183858097718
0.10828673265509539
0.10817034168621097
0.10834789318216208
0.10965842647602843
0.10868968439040187
0.10717665684540424
0.1065199649112212
0.1077651957613428
0.10860744372727306
0.109274783789298
0.10573687854746738
0.10855297564274208
0.10841842534527173
0.10778905446832025
0.1100787262428289
0.10851468787488258
0.10749810132375513
0.10782717606275807
0.10899954577598152
0.10625108880842575
0.1073532541166814
0.10669716525917063
0.10883029081990711
0.10601639896255773
0.10757089797315178
0.10829837104143385
0.1082555631212364
0.10672070822934418
0.10879593282617515
0.10760466596776108
0.10885241415692562
0.10719810103843953
0.10987626332787614
0.10818874284545747
0.10885075392078399
0.10783201998698286
0.10722579331050815
0.10826351704205722
0.10814484083998653
0.10812821718013813
0.10771512786872402
0.10588784887666076
0.10724495824364026
0.10814492383285332
0.10816711887324024
0.10779048222000075
0.10762075175911105
0.10769367237347802
0.10747897491047931
0.10883026123395771
0.10595440660596968
0.10696611276897595
0.10769800567049997
0.10952662620387775
0.10674802311961838
0.10756023817626024
0.10885771819975863
0.10804046251614417
0.10734957730438106
0.10665590313805551
0.10805697138168442
0.10561906521225982
0.10775684395678642
0.10740097715408144
0.10787432999027766
0.10710789776144292
0.10818425236759863
0.10954604374995487
0.10717304339677652
0.1062581587904693
0.10868276835463815
0.10931779825070295
0.10920364086423275
0.10814522339081441
0.1062739901380547
0.10889836335369062
0.1076544038506199
0.10730647951838496
0.10600287333609347
0.10586454373749359
0.10891809951539082
0.10704288143293199
0.10797043194914116
0.10752109724692314
0.1086786436587622
0.10612041855091822
0.10727106360845257
0.10600080112725774
0.10667798855792139
0.1074120901348934
0.10811334317354201
