0.15275023277369953
0.0802537996583177
0.05894409081053432
0.054052188084359014
0.048049499177850036
0.04580512111185014
0.04156738945609338
0.03907822483994665
0.037496808657963794
0.03381360344654202
0.03172541035374518
0.02865146632168925
0.025132598590305092
0.023605108698951733
0.021983757960274658
0.020535000139155508
0.018582400799114326
0.0180286697040101
0.01714922684102986
0.015369963593818488
0.015316748381995466
0.01520014705438111
0.014519185032564833
0.013269459326161456
0.013917351127885147
0.013482633086238994
0.011268818263385307
0.010454366818768416
0.010533462813894709
0.010570997843396745
0.009792952937142187
0.01113552720324377
0.009964133770090847
0.009810735550919119
0.010685117764529635
0.0094270114815201
0.009608765029703344
0.00961095623953965
0.00915079097281138
0.009818854233148593
0.009385452249015405
0.009707543085009913
0.010128282407260936
0.010169159083723522
0.00858217956106194
0.008701812024398937
0.008598131669375168
0.009335595440319188
0.008215785829061802
0.009347409519460432
0.008915976235306588
0.008571361315774587
0.00858625008900943
0.00889701696948084
0.009175531637586234
0.008422900308723487
0.008907922595308041
0.009247691346894904
0.008334806756286919
0.00908098648987412
0.0078021667953769806
0.009228301576604356
0.00836157696554634
0.007292615303585386
0.008817196275902635
0.008563111133756785
0.0085465296754429
0.00815676366047817
0.008888302696922482
0.008653834147685249
0.007834116664219822
0.01013795897695955
0.007381823947628363
0.007668000277294756
0.007863043530447408
0.00669223728098751
0.008425154204835514
0.00697771627722491
0.008403584984683363
0.008387106601649505
0.008711153838899383
0.008072037171142047
0.008380159595212357
0.008426373952982942
0.008084544866389745
0.007531921674265188
0.008709846569371136
0.00790616639368735
0.009182829117107003
0.007219032795194185
0.00786361731627478
0.008207089273322796
0.007950762278335667
0.007766504210426546
0.008017376247832544
0.007403514999378142
0.007251839515546426
0.007412792970567357
0.007965655192366933
0.007500718335134278
0.006818392381575456
