0.2442508357843177
0.10465055360265459
0.06592914012705248
0.05696247471083869
0.05186776197632303
0.04698614881857121
0.040995055558446104
0.03496992475264309
0.03171916661532114
0.02739737878660866
0.023427472229556323
0.02087041480553671
0.018143074702502895
0.016826647286362875
0.014314774909455798
0.014104566904190811
0.013917620851445489
0.012465168525024295
0.01158731670589183
0.011410472564193929
0.010578913126124587
0.009459390077394643
0.008999380094981586
0.009620769330469734
0.009995471116896791
0.008626029147810913
0.008632317962698746
0.008760993539358056
0.007944768056399217
0.008116404812094526
0.007647389622850521
0.008320981150256477
0.00736381319850581
0.0072906949965339885
0.007292826676538321
0.007163987069051042
0.007073873552586889
0.007349886031205766
0.006635966561915219
0.007273774492394964
0.007025999976285785
0.006721146853447592
0.006780785185838273
0.0073721608616526095
0.0071089621064429915
0.006637845367264193
0.007279535796791478
0.00659410174096298
0.006331694833196602
0.006462375714888123
0.006582924898076336
0.00627840801523179
0.006714747243927809
0.006654624675736926
0.006486980405666226
0.007511672510705858
0.006123742640165373
0.00715924594581026
0.006939928781151622
0.006820455313853651
0.006583498807782618
0.006048135572474904
0.006497890553435291
0.006724524243155356
0.0070175277083864875
0.005925395672097456
0.0061567550425043905
0.006149848305730803
0.006351279070171489
0.007601704990653628
0.006368362631502044
0.00678944724422774
0.0064540683759193255
0.00619207190467043
0.006955288492701534
0.007794773010989681
0.006297021960983003
0.006183867781918555
0.0064620984485168
0.007076325403497983
0.006782069614872372
0.006448836579132443
0.006792414243594156
0.006578168234463674
0.00665650170987626
0.006457322634229267
0.00666567773964283
0.006778654092006119
0.006333420503063158
0.0072525978888875854
0.006340569658614382
0.006541889183091053
0.006589018863184288
0.00649843951148167
0.006628844262671117
0.006184961088370538
0.006712937122909029
0.006119941107641324
0.0067737301886680095
0.006151490697791996
0.006751489413667943
