0.1293322128652743
0.11259784485875217
0.10979501165120543
0.10947395121499394
0.10506718686262922
0.1073286318898433
0.10562456550837086
0.10451475643964964
0.10484582352202033
0.10339142134779522
0.10556515456572474
0.10348163245977128
0.10463509666564254
0.10348210394475316
0.10329240311040451
0.10207534027140149
0.10329011065464701
0.09829938389341052
0.09772788136613969
0.09666295845033274
0.09480832093966891
0.08980970240346588
0.08822969223290064
0.08312101332358557
0.08048090555036122
0.07529534547654324
0.07213707870616407
0.06763596375753159
0.06271107947527405
0.05747708494881479
0.05186419344901278
0.045943891153437964
0.04139033912401854
0.03593225647970865
0.031682280582177064
0.027810212388646494
0.023878543509164844
0.021119817284766876
0.018801197789244592
0.017295370354317743
0.017810322980902755
0.01590654784056855
0.015967141400113013
0.015851972000756904
0.015693864136810776
0.015610514409845191
0.015375816655914618
0.015460843406267208
0.016610481905107718
0.016224759966933316
0.016305290510492284
0.01515234474642547
0.015100919853863273
0.015562603602245784
0.015918783699770202
0.015599951051659074
0.015243838576774025
0.01546896593355067
0.01627890930347384
0.016255417054638347
0.016164879817643033
0.015730717878428075
0.01561534945102282
0.015978314473324713
0.016483911818394828
0.01634148516465116
0.01602041085819207
0.014885673658279315
0.015385679831193043
0.014583539540925072
0.015965398552997608
0.016358402049483918
0.01653595173384197
0.01536465607676897
0.016361074693683118
0.0167324467456982
0.016358860619513044
0.01603782991266117
0.015503106343876314
0.01579840938987551
0.015609720352857551
0.015378159051364238
0.015539193290489792
0.015990062081065633
0.014981655854851235
0.015561121811287557
0.01641771776940334
0.015929892525345043
0.01595788576071906
0.015614076600398416
0.015105021766946019
0.015796671703367803
0.01491757548727666
0.015587481328909178
0.015977244181273095
0.015890928555640203
0.015744597016919534
0.016143493120276572
0.015234448967847211
0.015399022222622372
0.016329537174685074
