0.44933409367065835
0.32994587975903616
0.23412481182460226
0.1595400523165763
0.10529437395795138
0.06906443714956902
0.044884402412534635
0.032697903101000236
0.025947321874702965
0.02231596848033002
0.019175512800480608
0.01750275460389868
0.015178148971779446
0.013641734656991087
0.012760772090661222
0.012311133467251358
0.011753335396217956
0.01142722655673065
0.010921554511850664
0.011566827848089038
0.011218877712486959
0.011197568878218397
0.011490513840268682
0.011147898736502286
0.011233541180135006
0.01119333795604172
0.011493635922533248
0.011518920447459113
0.01165383077577394
0.01174653780664744
0.011580552426111172
0.011293027172844132
0.011988948680790009
0.011325390996901667
0.011617217116846691
0.011391545908561392
0.0111814508265384
0.01139902631223026
0.01091241602388592
0.01141272792697756
0.01105946085832028
0.011645776186494683
0.011269662972460822
0.010754783021627265
0.011603838065459655
0.011370590113071658
0.01113258386755711
0.011009298365220074
0.011285291688306458
0.011163818651094812
0.011287184261645641
0.011236223393654151
0.011168353253331051
0.01145812817092183
0.011172664633998283
0.011121366597923347
0.012039582116739401
0.0109117147821202
0.011192532981727869
0.011293070785413197
0.011364530635702712
0.011431255605203116
0.011252972539715349
0.011676958779123317
0.011211475237171534
0.011255280608642282
0.011600250283534045
0.011471652991336456
0.011904851256796401
0.011571146772125894
0.011264335899114929
0.011208432995361318
0.010796539341484102
0.011637208731226919
0.011307527884116368
0.011573674957719068
0.011300855715068643
0.011458295753696834
0.011588037667309002
0.011155397876956274
0.01092510534816163
0.01125305382590064
0.011257209759664485
0.011571605400866006
0.011056734152955681
0.011569517728246418
0.01084562694237683
0.011505248802320008
0.011403325253192244
0.011620326695049931
0.011508680660151285
0.01138243896715633
0.011309891065474255
0.011923029400722674
0.011269489941895873
0.011385130271355817
0.011371883559013808
0.011368970961084269
0.01113114240816315
0.01133000086759268
0.011130309856553115
