0.1858834789126319
0.08714814808200624
0.07698264399386222
0.0656042258651039
0.054557152834747095
0.043158686402264994
0.03556368857982518
0.028805436598912233
0.02349671491367233
0.02001813556869209
0.01782283263814095
0.015156381242374183
0.01450326726598574
0.01253709840826412
0.01161969387017199
0.011178495716676813
0.010372055992055393
0.010382222435100579
0.01038322297802793
0.009303550159313032
0.009360178056028777
0.008888070838748633
0.009259710102839656
0.009018192534492106
0.009590903057785049
0.008769546795247574
0.00937292159872355
0.008933687580021317
0.009003388891899248
0.008773752390345689
0.009018015470267883
0.00861232197373351
0.00923478427382097
0.008121956014251676
0.008465451188720384
0.008345505580654528
0.00930235869994418
0.009455212800438007
0.008853375398872208
0.009289180531850764
0.009107361616796312
0.008872113462673772
0.008040622120285229
0.00928590743047818
0.009160436442852778
0.008562777374620493
0.00916708048396195
0.009374664572333767
0.008844835104839752
0.008748327746463405
0.008677620467089914
0.008671534431459833
0.008948591534982979
0.008255131255596427
0.009387558688501227
0.008836013977351594
0.009184326056766294
0.00794656325989081
0.008505895730879546
0.008827916709771238
0.008591286079788148
0.008662476026509743
0.009215190953408189
0.008744259569205189
0.008364861515295132
0.00845091352317832
0.00875638011079319
0.008282025822772978
0.008805498909360169
0.00862609311961859
0.008543339494762554
0.008786425495155034
0.009192993924960093
0.008837108552775013
0.008930593395304364
0.008948774783191341
0.008665400437022361
0.008260796477665172
0.00938587094848894
0.009272347886852961
0.008363642244170954
0.00868583544708714
0.008449972041368083
0.00860419408155822
0.007886568616420005
0.008254745596000574
0.00854923146920692
0.008529443287912462
0.009006902000733983
0.008183829213823764
0.008178893041999223
0.008865123558642581
0.008604837849556703
0.008842966275440631
0.008675702060968
0.008976763479163812
0.00864055538723401
0.009214432771872031
0.008841554492304171
0.008372508026791264
0.008193131505230773
