0.7859267620516828
0.440565954530133
0.24551157607160923
0.16027659094842095
0.1273935448076372
0.11763026819078341
0.11005382871380258
0.10492603759708977
0.09686288272041921
0.0905606847563779
0.08430274620264633
0.07434315363338687
0.0653283834660053
0.05576154039184398
0.045518607602086564
0.038703571443670225
0.03295636488011556
0.028025575492953935
0.024899471792816506
0.02350490443075121
0.02156788929050807
0.02191017400849641
0.022037892095811033
0.021385625045013224
0.021487730826535007
0.021974171811800433
0.02112960483582524
0.020974200556113414
0.021631204329878237
0.022331105151024995
0.02154473121128759
0.021265575274752445
0.02164286029164275
0.021527172338545824
0.021609186657117828
0.02186865025679215
0.022038800737891974
0.022172680052389798
0.021804687771233837
0.02182390625174902
0.021535206581449078
0.021556535878320064
0.0217785738545637
0.02147758283325128
0.022091229493412613
0.021117241958913
0.02159626594959413
0.02124030869792468
0.02194427955661076
0.02140248011000712
0.021333287755526224
