0.23491410197347712
0.16761233287707958
0.12421721488488521
0.08343259265381733
0.05759399666769679
0.03852631903984051
0.02829613827239767
0.02245506909410164
0.020421736503273145
0.017748945954511496
0.017218694938395146
0.016748532177258274
0.016014771351039306
0.015660144290746733
0.0154007299187038
0.015208798591886927
0.014940773659928339
0.015690125709444287
0.01606534206819775
0.015455495089955064
0.014401890714884196
0.014461724423600693
0.014178720049856697
0.01512047065297065
0.014443113177599064
0.014058856294622002
0.01435468760761744
0.015326346637465703
0.013270883013736632
0.014396372884971404
0.01269015853642316
0.013794233107797704
0.013257869028640134
0.013506685881023727
0.013439616602473602
0.013666498724925447
0.01316680372424689
0.014804992991562073
0.014026767982864528
0.013493388610004289
0.013342200906878997
0.013829511821775962
0.013230437175701916
0.012094413191219348
0.013404721799129313
0.013301017444174968
0.013047735668846816
0.01208929295334735
0.012803357957746626
0.013510916039778931
0.012859252903593812
0.012445010131151502
0.011304933471346338
0.011740213693165823
0.012385016109514677
0.012228941140005944
0.01253173360883264
0.011505560035283798
0.011651590694158784
0.012261891824408932
0.01187212742880317
0.010775471631964637
0.010534743989231791
0.010880760698285193
0.011323458667194327
0.011962497163296667
0.011213688552980602
0.011337491266677224
0.010448852083507614
0.011678098399371409
0.011508913452305713
0.011019904317763554
0.01036909744697073
0.010540691830825018
0.010897954706237844
0.010789474711124205
0.011258233652314882
0.011547878524177055
0.01057714375532762
0.011109078884084878
0.009995030310116497
0.010023010312434041
0.011163152484320609
0.011092130723687817
0.010672545606233548
0.011701211011087887
0.010729175658354604
0.011146149746402875
0.010664398756897845
0.010946638626490137
0.010797116598987785
0.010380165630993941
0.0110251735706694
0.010402067496772008
0.011182485914998921
0.010949659431078184
0.010063821985375003
0.010754722895615975
0.01090292435943138
0.010622786115144596
0.010849605930248387
