0.14342932923595533
0.10820578969193331
0.0929637142813622
0.08695467777225148
0.07767098096067021
0.0707540688477857
0.06328778935189004
0.055915181772170024
0.050554753081154695
0.04360548125520886
0.03845366407584394
0.033372841083442906
0.028589983637189745
0.02464421098321809
0.020902657667550634
0.01778542603476302
0.016012662345992874
0.01367190415729094
0.013004041768617643
0.011674259830280762
0.010668565306524396
0.009733948547675108
0.009931170002631873
0.008793144905899058
0.00807302917074801
0.007887151296169815
0.008076674343186409
0.007267223948868649
0.007728951557610593
0.007251600017634459
0.00710604498092493
0.006971348867428496
0.006612223930538853
0.006211012921579274
0.006328981916214697
0.006270096910721287
0.005654603028481979
0.0058575586552017936
0.006143537313335878
0.005842695715364362
0.0058550877344147835
0.005729583254164216
0.005459451187410218
0.0055830523767498984
0.005747937074396318
0.005379310084325144
0.005304203509857351
0.005104183740453162
0.005298192467554808
0.005215372103427391
0.005146840608185277
0.005410628987671127
0.005103054487813036
0.005157240397199676
0.004797063107067846
0.005094877742212648
0.004689144770501543
0.004635091315677524
0.005130672344952097
0.0044296739874268515
0.005132888704906192
0.004370590539962198
0.004650052379139783
0.00491259452974028
0.004460319047217694
0.004665244385658949
0.004404270762996814
0.0042118472858429555
0.004737490093860267
0.004131045377485794
0.004523095121414612
0.004255477188484475
0.0042992401555940465
0.004670187355822307
0.004551775556385488
0.004902228203079826
0.0040335581559845825
0.004174964913271595
0.004638521820464837
0.004894511692692115
0.004265781177055209
0.0041788912410167176
0.004093711303887886
0.004740038273404372
0.005028762630417226
0.00415077699203877
0.004433708768803505
0.004868500781019007
0.004444960283745074
0.004422678305399762
0.004261916589246148
0.004178332321290733
0.004087350644588768
0.004495941713767307
0.004638945886074804
0.004581117191449032
0.004632453789939739
0.004340803258053632
0.004908133325715924
0.004330058852404219
0.004600105054768213
