0.3168244352084007
0.132512706669332
0.11139737295219676
0.10313506098411145
0.09154404776511943
0.08255467425894943
0.07284591072428509
0.06558018174564505
0.05802239098258561
0.05141253933538649
0.04495152419787088
0.04028210840015126
0.03628841811318146
0.032439088590361195
0.02966378313811586
0.027847095851733807
0.02527604868198149
0.02476327795986087
0.022524169117667175
0.02041284756783905
0.019919645436081573
0.01886016519245717
0.017371549399082916
0.01696961525415335
0.01723059637128534
0.016477788387071396
0.015237296039832374
0.015999077596269125
0.015547439615982792
0.013903208861625905
0.01530797521529479
0.014757634590319788
0.01390704820224096
0.013688462203137753
0.014122448948409506
0.014185630549500063
0.012817755109206987
0.01327380810823854
0.013538485829579252
0.012110441280434482
0.013358060230764775
0.014249726869919732
0.012831149166850285
0.01355851061297152
0.013175330798312627
0.01352090150294897
0.013908411441338446
0.013131558481473153
0.012865913558109513
0.013381807825343026
0.013101847995233009
0.012039129091434586
0.012127742178984017
0.011251489824218083
0.011459714054909956
0.012846144396927143
0.012417466726701354
0.011832558876347089
0.013162596297456143
0.013088277032932947
0.01264353253638381
0.012279203449183092
0.012653838125798482
0.011524745712427563
0.013392535909977535
0.013828723376569827
0.012827214886142791
0.012759734384665386
0.012554844780615537
0.012954300558763312
0.013416453079323976
0.012428693340469291
0.011842256821899037
0.01342845413239462
0.013559876213527932
0.012276509024016299
0.01241699875247131
0.01154707061049824
0.012217723758656797
0.012462507621801292
0.012336285542985848
0.012860719316601956
0.013665816618306808
0.012533548639329076
0.013371616339357614
0.012773626541436368
0.012842410951294058
0.012309258248721696
0.013151625390871056
0.013928357867677241
0.013537841820575183
0.013870603861688742
0.013329407437036518
0.01388767752251925
0.012484652270243769
0.01239724921329969
0.013478549884360145
0.012323692175626007
0.011299714115352973
0.011182378383130584
0.01171087825185506
