0.10732376542538301
0.09317543721829777
0.07763900279980393
0.06430391626895972
0.05273269259690897
0.04192434037579803
0.034702903393514645
0.029500809288251335
0.026368674844887915
0.022647849504280473
0.020318389208001466
0.017904970517406884
0.016658502892935172
0.015515487273084884
0.0140442940321907
0.013371158178957733
0.012943152145310211
0.011783799193305858
0.011450805012499487
0.01063506433443328
0.010422487030629195
0.010255937406868056
0.009574151390759964
0.009534878748352493
0.008851652189723416
0.008794227671649005
0.008601633630169296
0.009255664833234704
0.00904939679251368
0.008327954609053796
0.008352746637536268
0.008680304319656778
0.008427442348399913
0.008523418868183478
0.008255419216643215
0.007898677097132526
0.007708084064169889
0.007513447517702514
0.0077905720563299415
0.007667771172386554
0.007580741482451304
0.0076511884889448245
0.007713133801063259
0.007269215025717956
0.007531960506368366
0.007294288997292069
0.007204580372340458
0.007841809347782065
0.007426236689066937
0.007635689981235995
0.007420925873642999
0.007029801419951588
0.007351553273686108
0.006968739960479075
0.0074737249046829945
0.007591646092539946
0.007613701033788711
0.00711207366374832
0.007865444596611244
0.006989282788690582
0.0072768925319722285
0.007535210882619923
0.007774005287196909
0.006862812525737354
0.007155449630003219
0.007377949989863091
0.007624245936837981
0.007106373363080298
0.007003349184152156
0.006872170822041211
0.006986788782761884
0.007180879157194458
0.0072250405148956524
0.007384162576009152
0.006647673066628834
0.007255448900169644
0.00666941232289302
0.00781947199075684
0.007044238120907729
0.006677405925440094
0.006989501672276992
0.007219366604457178
0.007087656908461851
0.007042377170084113
0.007179908043997464
0.007412830230967573
0.006941971088673778
0.007299889989015407
0.0067718345765305
0.007597051123380137
0.007148612002650344
0.0069926968508670735
0.007770555813007048
0.007083739254174802
0.006718707911300938
0.006823050694729593
0.007601257579346005
0.0067888221838716635
0.007234524041661505
0.007453723568930259
0.006759668724722913
