0.6109575203283245
0.4796304039977057
0.36178820752798185
0.28028615772897747
0.210733952457016
0.16229010453685827
0.13525567933153612
0.11894717123207217
0.10897600958294008
0.1063936999893405
0.10564579688156533
0.1043932574157737
0.10502617617854064
0.10363982111603624
0.10453581101473519
0.10495184254755525
0.10569801225159503
0.10517463612587656
0.10481955632201459
0.1061398001885917
0.10523871038658511
0.10609851630678085
0.10409214343651366
0.10594326455769656
0.10644004912832022
0.10462280543256924
0.10545286975300165
0.10556133349453266
0.10487087170804485
0.10324466856343653
0.10584562981309352
0.1064494800960686
0.1060559677027159
0.10531097130299899
0.10569209576379783
0.10556597443868121
0.1045991487784962
0.1040733632411305
0.10795077502798375
0.1054846753799534
0.10469662623892496
0.10249277458294818
0.1054765982896863
0.1060119608616205
0.10748043723247439
0.10542507944097933
0.10510092897129353
0.1040325919760458
0.10375953743072266
0.10611684219101833
0.10488287341223233
0.10461220939258598
0.10421669910242772
0.1050224855697013
0.10495443481125243
0.10349810156141517
0.10668091396480624
0.10468755893857146
0.1051856170615862
0.10472492870332754
0.10453214108899182
0.10670084806091372
0.10523086886192809
0.1054088815631421
0.10354835239606258
0.10403451726080865
0.10239521417551217
0.10484793466508009
0.10486864522576135
0.10338004129827337
0.10649430738013575
0.1051560746533803
0.10472624146290471
0.10512740900140978
0.10435818117201281
0.10519140187256984
0.10276469116267012
0.10486636655537745
0.10511704477334279
0.10340026759979395
0.10482514548815217
0.10364614103762905
0.10513493723159915
0.10447881023255237
0.10462555700986244
0.104256773909253
0.10686509135686618
0.10538150983771001
0.10468718338035118
0.1059646218458016
0.10495618771921013
0.10459775492008223
0.10652031767301275
0.10344290928911937
0.10380568832747193
0.10394039131468925
0.10479176492935541
0.10528574826060295
0.1051389930769321
0.10624351338915243
0.10464972167615288
