0.1151079877805261
0.11352345146859401
0.1096897601845746
0.11157440493322655
0.11004096874928372
0.11032659194497295
0.11043705761913782
0.10960459243729244
0.1116253235608405
0.1119922178148488
0.10982506785801362
0.10899443373095423
0.11037210701930436
0.11005082770642638
0.109436497621041
0.11235933948742184
0.10961093249871501
0.11048533032013416
0.10978967824605451
0.11065999794226515
0.10988599957839122
0.1127901217059547
0.10977971709329691
0.1105485104883705
0.11216264659990874
0.11219952990318302
0.10923304984952233
0.11141231520352847
0.11129309549477877
0.11168025431023149
0.11149487723018828
0.10998106730030119
0.1103687138184429
0.10874786156800227
0.10983914347777818
0.11125449355687352
0.10937273101007791
0.11022396067509907
0.11220770663551882
0.11075475395901606
0.10950817427257174
0.11067715919020947
0.10831421453412214
0.1115100057035509
0.11093288662107866
0.11071640574680218
0.1102927399532044
0.10924228234798135
0.11139034175128046
0.11037999218348184
0.10902039724727629
0.11041247948492963
0.1089249839353349
0.11065631459597496
0.1094824445861507
0.11073425112160126
0.11081700799105604
0.10995460210121065
0.11015723566981737
0.11192286254246354
0.10966878050173172
0.11086392632237975
0.10994369210622382
0.11064632173519745
0.11111669297732271
0.10846769090532371
0.10754833672904472
0.11107402984717096
0.10925293819844013
0.11078215176323665
0.11118008635370416
0.10978645392402998
0.11073770082893704
0.10965751908584584
0.1099679910050984
0.10936690863516033
0.10884842276849949
0.10795874911997017
0.10923738540922942
0.10878074195030821
0.10922596146868059
0.1102836294019229
0.11086198379542071
0.11055485882484938
0.10999911572335973
0.11113256334477244
0.11067129402203697
0.11046071200666932
0.11068961494815709
0.11174780831031784
0.109601854938984
0.11127432609593603
0.11127174610659146
0.11183698053477746
0.11129292432120802
0.11004827230177752
0.11021870127166657
0.10911686670135075
0.10956909051262824
0.11140425920340248
0.10970090075330687
