0.08793066621263251
0.07449713302164246
0.06587326674678545
0.06578214825484714
0.060092366395868874
0.055836134674571096
0.055287852807035076
0.05095809843216269
0.047502783332751077
0.044912720242330444
0.039955546068486184
0.03978936795969789
0.03699682616706924
0.034487209726009216
0.03212334294345864
0.029333858957191827
0.027056468976178177
0.026902868262938442
0.023914833942664922
0.023962198462908795
0.02251556997840143
0.021395390122882073
0.020158441449341466
0.01854403322328155
0.019272555097191498
0.01820598476132024
0.017148643234836773
0.017025672001123645
0.015708710408391433
0.01585826072543642
0.016716573441426838
0.01517292200135762
0.014843361083861988
0.014228367484622488
0.014508934866217882
0.013214189775018537
0.012942871395763512
0.012280948776975198
0.01349574582026583
0.011767206052911504
0.011546735080642934
0.013024607328193856
0.011863464633029798
0.012628128648368443
0.012144918114821804
0.012558821481889762
0.011871319452596894
0.01122430546625893
0.011663605993939659
0.010851240947007583
0.012172147071973645
0.01137720519489727
0.011083714244923056
0.01192972608727375
0.011366668243059243
0.010662379737632668
0.010906308022016154
0.010707737561530959
0.010771288291296796
0.011449514982836166
0.010625817154453989
0.011135694426620631
0.010472647972624375
0.010254401569734152
0.01066856470154821
0.01103638894440523
0.011080959781625217
0.011336970857298708
0.01139789072772831
0.010861782404798239
0.011356526150021208
0.009736697419404873
0.011382514554652313
0.01090169407767252
0.010453756710412147
0.010633744599596819
0.010476308489574374
0.010353869050993971
0.010815819554204402
0.009414240911157239
0.010136004527158623
0.009812822699566504
0.009755626086791924
0.010255444568369718
0.010223964860425209
0.010744080112064677
0.010233289383703595
0.0101583416750919
0.010047118303700931
0.009553013187769814
0.01096899356857388
0.0097591864808433
0.010457671092776663
0.010346709442234266
0.009624644790599957
0.010277695042849382
0.00956032924280086
0.009905456535018729
0.009781163674693817
0.010308164178035872
0.00994506755473603
