0.3596226536459922
0.25906091361872047
0.18663968961732685
0.14877753967394286
0.12205623866230347
0.10038775669340627
0.09165508835636017
0.08328845885970608
0.07568013524697159
0.06427434283470718
0.056792332406315274
0.049541704949487037
0.04204131521537137
0.035137339975673115
0.029303225155529973
0.025125998098161944
0.021417238073051466
0.01916809994545318
0.01727002598822767
0.017304757038451087
0.01682176909358916
0.015711332282688104
0.016302017413161694
0.015927557301072887
0.0153844249124959
0.01671112936300341
0.01649699717006274
0.016777655598171775
0.015740084562036877
0.015973816561606496
0.016716775148948912
0.01605230022842902
0.015616256681045835
0.01593175839184972
0.01626102066503619
0.01623617121880497
0.016609818001589227
0.015207968342222588
0.01667698642235344
0.016772407991370582
0.01686476486185829
0.01652742661591469
0.01650929942991322
0.015846038633352547
0.016429753900494184
0.01648194647530443
0.016753040154980952
0.016122613703960093
0.016283504008793165
0.016993967678628565
0.01662259267586346
0.015691656474723044
0.016473901021235526
0.015218813031326791
0.01617888390261462
0.016240358153171253
0.01590068154219842
0.016106628874835084
0.016386887877010124
0.016357368507933404
0.015124508695186235
0.016524302019227114
0.015582255212913423
0.016076536256748482
0.015720556633221406
0.015783096447718272
0.016097387609893668
0.01563283088940602
0.0159865877667104
0.015015264406546087
0.016522788556626797
0.016169951483184557
0.015986919776857726
0.015724353100527992
0.016942911893199766
0.017075541859343804
0.017126526873472707
0.0162796233045775
0.016947414616335015
0.015495381735242274
0.01603072273923797
0.016272334454014506
0.015630597046909046
0.016055753510602302
0.01592254065944066
0.01565689462590142
0.015886918338507534
0.01721431750733421
0.01678346932112121
0.0164587165844742
0.016178185051729615
0.01603765016719453
0.016168331916326745
0.01683517646655028
0.01642585734923928
0.015884330387866102
0.017445699551338584
0.016351888434036028
0.016749488255754688
0.01615459958102952
0.015855549969635705
