0.16761769021248063
0.09382152659682895
0.0808541433030439
0.06985596011899806
0.059467178185349266
0.047550027667975704
0.04015856292287636
0.03354432410119599
0.02766624227069305
0.02401951484696612
0.020483459790067406
0.017816535184144763
0.016058087291058225
0.013851661587731568
0.012453925504664409
0.010769897549722898
0.010304033207698812
0.009230855728478931
0.00885276611720752
0.00828627152305856
0.007890345331082849
0.007876060428272548
0.007087363341074676
0.007375726974457312
0.0074219668774477545
0.007198219883338504
0.006835387489787663
0.006587341651483632
0.006937218230412489
0.006598607585536804
0.006479772276052442
0.006566282007298978
0.006562359605185729
0.006757239132659202
0.006325489369141811
0.0061995029549556865
0.006560944463367863
0.0065923079161228325
0.006248040857433441
0.006084527927925833
0.006851333034465147
0.006361662967389597
0.005850268005206876
0.006505096666387402
0.0065487268099301
0.006392924599289184
0.006114981335711273
0.00618824473828631
0.006269503813909875
0.006039464108654928
0.00605126534519886
0.006753532115096477
0.00609274485868221
0.005998523416573789
0.006116165853277004
0.006916916650658678
0.005664580881045577
0.005805980846852573
0.0063478321495741025
0.005745273221071575
0.005876160185961908
0.006410726008817418
0.006025402004480492
0.00586322057415553
0.00627051821280871
0.005883363927061094
0.0062341087741600056
0.0060607353080302075
0.0060678403376276165
0.005863014806576392
0.005935540265715239
0.006208933483492466
0.006472370198101428
0.0064190898177499236
0.005753294368902373
0.0058071314775121246
0.006313240325649393
0.006156866088262004
0.00549492378976946
0.005769445080399888
0.0061277572647850595
0.005994998606002191
0.0063307449559128854
0.006272071089438911
0.005877228485819005
0.006068673400101953
0.006092469408662001
0.005848074111126357
0.006254167216690472
0.006392015597722391
0.005817889104040515
0.006095810959678121
0.006341194282423484
0.006326180715042047
0.006081471889261741
0.006229307393274275
0.00566387052466491
0.006101984418886158
0.006242743842340511
0.005943972798410789
0.0063664906603518034
