0.17534133528555687
0.11179294208028559
0.09276833081530535
0.0841082280684198
0.07459875582634402
0.06675446317329177
0.0593602346854872
0.05181406349486549
0.046325501190526676
0.04218909089119101
0.037888621233757816
0.03440351618089165
0.03146951392016441
0.028730060754958035
0.02618782164838464
0.02484006163978918
0.02248748932531209
0.020087378782358535
0.019241864899659265
0.01797452547584399
0.016455755669386552
0.015927590827267187
0.015540547585291397
0.014531754459988914
0.013883235976457617
0.013533563917539444
0.012892492830918147
0.012166336641085662
0.012231651446685953
0.011711626210551385
0.011495768918020908
0.01089274894102039
0.010574315573772412
0.010369199612997135
0.010052414427116775
0.009920778794185854
0.010048473667987534
0.009457982262022336
0.009677772627477207
0.009839157888378617
0.009674510498305098
0.00971632181081449
0.009625339581970375
0.009660178543905421
0.009106131385694364
0.009210249174732649
0.009493815190869118
0.009606928476337628
0.009266809230253085
0.009133257484980152
0.009416123222355908
0.008854624741914398
0.008957701971942757
0.009294230223390477
0.008614678687035197
0.008999007796542571
0.009138377179756406
0.008979363402761308
0.008694847523314812
0.008981987529091193
0.008699380686593204
0.00878493566285646
0.009148412196291797
0.009084534123585774
0.008665653373455396
0.008443123825031299
0.008930617167884593
0.009040334758470407
0.008894379284197484
0.009165317581781258
0.00888079141164945
0.00867351906422971
0.008903080729646372
0.008969378763559249
0.00889529643612366
0.009036243090088429
0.008544027662297988
0.00885065708059151
0.009054497429354826
0.008345223804085714
0.009028984891514628
0.00854195617012763
0.00882544913199685
0.008805257279217835
0.009104823007330159
0.009181187110361685
0.008874148851215196
0.008969238994406822
0.00889414254636972
0.008817806026110233
0.008886039123907903
0.00883824888112582
0.008543607214977524
0.008849675708990217
0.00856779469884794
0.008879574471485605
0.008180501240962203
0.00910231607283698
0.0089047436881048
0.008711798397113415
0.008420895086444025
