0.10623971359538845
0.07353496890196333
0.059195181280481415
0.05490341595308742
0.051177451354165376
0.05023576815697383
0.05037030063460732
0.04726370110047576
0.04767786055561137
0.04952328270264686
0.04492765918536674
0.0460760375585731
0.046304234596762466
0.04268322159806517
0.04587856366829295
0.04431192505997286
0.04547488168400196
0.04511410565766512
0.04673051293904801
0.043333272466767124
0.04398556008592665
0.042018130005063326
0.04273596420297032
0.04426398486266057
0.04370244717508304
0.04383430683844338
0.04309034494694008
0.043560046161643974
0.04256192036125613
0.04377588252690536
0.0412499899930451
0.04242477255150444
0.04374385629741738
0.04020203923180788
0.04065113949787582
0.03995870399554397
0.04172122578410221
0.0394920577810999
0.039964152614812454
0.03899049574260126
0.04178995745617055
0.038974722841143596
0.039146985774261095
0.039526495974331194
0.039127844020912274
0.03871104981119643
0.040226768365636593
0.03663622038482319
0.038700852055796306
0.04117551967751661
0.03604184959179738
0.037848532641917336
0.03540031190430898
0.03808802168512318
0.03881774133333649
0.03743351608330452
0.038774321935957784
0.03956244173212128
0.03905201950433296
0.03991765090485093
0.03750451896805914
0.038111654999032706
0.036801416998444934
0.03717762848348912
0.03816703720894195
0.03796803715060788
0.03668228546307067
0.03685650049977288
0.04063543724097438
0.03724632301306205
0.03728462653475225
0.03610612359245623
0.035387735560786976
0.03763339927449139
0.037077321155263646
0.03643415200947835
0.039463803083765854
0.038396677815657594
0.03853028456038564
0.03648498967096871
0.03907546522157231
0.038018835192934475
0.03580700087825811
0.03728631821138712
0.037365053310942246
0.035219726831021585
0.03904341129478449
0.04003948170846627
0.037810081090583474
0.037481665055122945
0.038225982415540656
0.03723395246514042
0.03773644599167513
0.03615134157914077
0.03648092015897979
0.03781157887724908
0.03781646871490239
0.03764291358496662
0.0351766192000689
0.03792539898126265
0.03628763174514695
