[[0.46760426 0.4306341 ]
 [0.31187636 0.32961278]
 [0.3138395  0.30295047]
 [0.3142898  0.29022715]
 [0.30969763 0.28386105]
 [0.3095008  0.28184997]
 [0.30341298 0.28055357]
 [0.29776217 0.28625848]
 [0.29496856 0.28954878]
 [0.29241323 0.29467105]
 [0.30914688 0.29565698]
 [0.33153443 0.29629015]
 [0.38123434 0.29775302]
 [0.43224653 0.31305105]
 [0.47758471 0.52370012]
 [0.79105566 0.70600923]
 [0.79401218 0.6740545 ]
 [0.60106272 0.50448445]
 [0.40481307 0.3460901 ]
 [0.2834435  0.30909107]
 [0.31737024 0.30064793]
 [0.30484403 0.29369173]
 [0.29879999 0.29019362]
 [0.29641631 0.28668757]
 [0.29448401 0.28468818]
 [0.29479219 0.2801938 ]
 [0.29035824 0.27583432]
 [0.28778856 0.27370492]
 [0.28626421 0.27035973]
 [0.28173534 0.26513497]
 [0.27254839 0.25958705]
 [0.26358419 0.25409162]
 [0.25591877 0.25010212]
 [0.25220925 0.2430877 ]
 [0.24795195 0.23704227]
 [0.25349302 0.25394492]
 [0.29957728 0.27758772]
 [0.34186196 0.37805358]
 [0.4972069  0.5058248 ]
 [0.59874083 0.42402938]
 [0.34167911 0.29710765]
 [0.2505919  0.24896283]
 [0.24113818 0.2393755 ]
 [0.2450108  0.23652855]
 [0.24201433 0.23554078]
 [0.23888554 0.23867597]
 [0.24205764 0.23789   ]
 [0.23653941 0.23887452]
 [0.24017794 0.23946555]
 [0.241524   0.24059787]
 [0.24519262 0.24325408]
 [0.25026996 0.24721737]
 [0.25582662 0.25025375]
 [0.25844953 0.25508905]
 [0.26241403 0.25953635]
 [0.26593647 0.26342983]
 [0.26564921 0.26856492]
 [0.26990724 0.27387863]
 [0.27554935 0.27920727]
 [0.28810637 0.28685845]
 [0.3078173  0.35159495]
 [0.419203   0.45978987]
 [0.52183222 0.50078713]
 [0.47560285 0.42379207]
 [0.35693727 0.33746572]
 [0.30346088 0.29489227]
 [0.28867508 0.2939395 ]
 [0.30550557 0.34802063]
 [0.38830731 0.64164572]
 [0.78514254 1.06024563]
 [1.12697131 1.328144  ]
 [1.19900443 0.91038222]
 [0.45672981 0.4891912 ]
 [0.32853746 0.33859598]
 [0.28385937 0.30047488]
 [0.29844825 0.28312415]
 [0.29903094 0.27830142]
 [0.2943461  0.27488822]
 [0.28269581 0.27530763]
 [0.28360517 0.27578477]
 [0.27717778 0.28052635]
 [0.28511412 0.28666018]
 [0.3057308  0.6789349 ]
 [0.93267153 2.5632385 ]
 [3.5084036  3.90734967]
 [4.08305629 5.06154283]
 [5.259477   4.278677  ]
 [3.02845101 3.00537617]
 [2.43182368 1.746906  ]
 [1.12389732 0.89345032]
 [0.72727809 0.53570292]
 [0.56676683 0.39746703]
 [0.47275171 0.35211122]
 [0.42283074 0.33105205]
 [0.40084896 0.321686  ]
 [0.40260068 0.31137132]
 [0.40608137 0.30205293]
 [0.41764891 0.294767  ]
 [0.43648615 0.29056278]
 [0.50750907 0.28715485]
 [0.30090539 0.28611982]
 [0.43987015 0.28729163]
 [0.36889351 0.28570832]
 [0.34929817 0.2870087 ]
 [0.30674078 0.29063947]
 [0.30325273 0.2958276 ]
 [0.32221989 0.29991155]
 [0.46122755 0.30595582]
 [0.66884326 0.36677432]
 [0.95495294 1.00315185]
 [1.98325716 1.4677415 ]
 [1.892789   1.50005933]
 [1.39130891 1.3646045 ]
 [1.17522786 1.08210835]
 [0.85281376 0.72516717]
 [0.5412852  0.49203272]
 [0.4249496  0.3896513 ]
 [0.37287099 0.3778135 ]
 [0.40611449 0.39708775]
 [0.43007022 0.34608875]]
