[[0.38772258 0.32961278]
 [0.3069463  0.30295047]
 [0.35320204 0.29022715]
 [0.37268637 0.28386105]
 [0.35981209 0.28184997]
 [0.35278937 0.28055357]
 [0.33557238 0.28625848]
 [0.32533877 0.28954878]
 [0.32182243 0.29467105]
 [0.33656047 0.29565698]
 [0.39426545 0.29629015]
 [0.48243666 0.29775302]
 [0.60960342 0.31305105]
 [0.7126019  0.52370012]
 [0.76033335 0.70600923]
 [0.99849523 0.6740545 ]
 [0.79748247 0.50448445]
 [0.5710414  0.3460901 ]
 [0.38968374 0.30909107]
 [0.28526337 0.30064793]
 [0.34197095 0.29369173]
 [0.32621259 0.29019362]
 [0.32194522 0.28668757]
 [0.31535076 0.28468818]
 [0.31703844 0.2801938 ]
 [0.32056491 0.27583432]
 [0.31775229 0.27370492]
 [0.31450684 0.27035973]
 [0.31050909 0.26513497]
 [0.29950888 0.25958705]
 [0.28392243 0.25409162]
 [0.27213413 0.25010212]
 [0.26476664 0.2430877 ]
 [0.26696536 0.23704227]
 [0.27572937 0.25394492]
 [0.30409254 0.27758772]
 [0.38120703 0.37805358]
 [0.44083971 0.5058248 ]
 [0.58569361 0.42402938]
 [0.61805946 0.29710765]
 [0.33406657 0.24896283]
 [0.24595775 0.2393755 ]
 [0.2504459  0.23652855]
 [0.25863863 0.23554078]
 [0.25242582 0.23867597]
 [0.24528999 0.23789   ]
 [0.24631131 0.23887452]
 [0.23975229 0.23946555]
 [0.24622929 0.24059787]
 [0.25061638 0.24325408]
 [0.25789364 0.24721737]
 [0.26542837 0.25025375]
 [0.27192032 0.25508905]
 [0.27336175 0.25953635]
 [0.27609945 0.26342983]
 [0.2806356  0.26856492]
 [0.27956687 0.27387863]
 [0.28516779 0.27920727]
 [0.29665593 0.28685845]
 [0.3213387  0.35159495]
 [0.35432904 0.45978987]
 [0.46270068 0.50078713]
 [0.50787969 0.42379207]
 [0.43997065 0.33746572]
 [0.34136919 0.29489227]
 [0.30847757 0.2939395 ]
 [0.30270771 0.34802063]
 [0.32202842 0.64164572]
 [0.39038175 1.06024563]
 [0.63403818 1.328144  ]
 [0.86388282 0.91038222]
 [0.863586   0.4891912 ]
 [0.29733325 0.33859598]
 [0.28684094 0.30047488]
 [0.28881138 0.28312415]
 [0.3284387  0.27830142]
 [0.32868041 0.27488822]
 [0.32526636 0.27530763]
 [0.31280056 0.27578477]
 [0.31207449 0.28052635]
 [0.31121746 0.28666018]
 [0.34060542 0.6789349 ]
 [0.40123393 2.5632385 ]
 [1.03914104 3.90734967]
 [3.04103585 5.06154283]
 [3.54438537 4.278677  ]
 [4.46946538 3.00537617]
 [2.51888684 1.746906  ]
 [2.31329925 0.89345032]
 [1.1922655  0.53570292]
 [0.96913695 0.39746703]
 [0.83523915 0.35211122]
 [0.70059442 0.33105205]
 [0.60957204 0.321686  ]
 [0.59583437 0.31137132]
 [0.62163153 0.30205293]
 [0.65480444 0.294767  ]
 [0.70845024 0.29056278]
 [0.76452886 0.28715485]
 [0.71853951 0.28611982]
 [0.55011916 0.28729163]
 [0.65853965 0.28570832]
 [0.52650828 0.2870087 ]
 [0.45623905 0.29063947]
 [0.40490782 0.2958276 ]
 [0.46860506 0.29991155]
 [0.66830591 0.30595582]
 [1.09839711 0.36677432]
 [1.63910189 1.00315185]
 [2.18887038 1.4677415 ]
 [3.08437363 1.50005933]
 [2.26629407 1.3646045 ]
 [1.26833301 1.08210835]
 [1.00713156 0.72516717]
 [0.76752319 0.49203272]
 [0.52758744 0.3896513 ]
 [0.45547665 0.3778135 ]
 [0.41882795 0.39708775]
 [0.46161353 0.34608875]
 [0.47713546 0.30974888]]
