[[0.26751913 0.30295047]
 [0.30296477 0.29022715]
 [0.41756206 0.28386105]
 [0.46452874 0.28184997]
 [0.4338239  0.28055357]
 [0.41383074 0.28625848]
 [0.37998032 0.28954878]
 [0.36519525 0.29467105]
 [0.3637119  0.29565698]
 [0.40692467 0.29629015]
 [0.52956629 0.29775302]
 [0.72521661 0.31305105]
 [0.98336569 0.52370012]
 [1.17345647 0.70600923]
 [1.2208658  0.6740545 ]
 [1.30545601 0.50448445]
 [0.79007006 0.3460901 ]
 [0.51469734 0.30909107]
 [0.36023923 0.30064793]
 [0.28551112 0.29369173]
 [0.3811878  0.29019362]
 [0.36184352 0.28668757]
 [0.36213642 0.28468818]
 [0.34866701 0.2801938 ]
 [0.35665028 0.27583432]
 [0.36499499 0.27370492]
 [0.36354334 0.27035973]
 [0.35716155 0.26513497]
 [0.34709922 0.25958705]
 [0.32480959 0.25409162]
 [0.29957601 0.25010212]
 [0.28447933 0.2430877 ]
 [0.27884128 0.23704227]
 [0.2910495  0.25394492]
 [0.32052683 0.27758772]
 [0.38526736 0.37805358]
 [0.51183688 0.5058248 ]
 [0.59779788 0.42402938]
 [0.71383604 0.29710765]
 [0.63806938 0.24896283]
 [0.31705933 0.2393755 ]
 [0.23660169 0.23652855]
 [0.26339131 0.23554078]
 [0.27906386 0.23867597]
 [0.26823975 0.23789   ]
 [0.25528702 0.23887452]
 [0.25350586 0.23946555]
 [0.24579465 0.24059787]
 [0.256897   0.24325408]
 [0.26574353 0.24721737]
 [0.27796481 0.25025375]
 [0.28843422 0.25508905]
 [0.29572563 0.25953635]
 [0.29515052 0.26342983]
 [0.29633722 0.26856492]
 [0.30336402 0.27387863]
 [0.30198025 0.27920727]
 [0.31071787 0.28685845]
 [0.33242109 0.35159495]
 [0.37737565 0.45978987]
 [0.43165542 0.50078713]
 [0.52674315 0.42379207]
 [0.48315743 0.33746572]
 [0.38179194 0.29489227]
 [0.3134324  0.2939395 ]
 [0.31478829 0.34802063]
 [0.32447159 0.64164572]
 [0.348196   1.06024563]
 [0.39228876 1.328144  ]
 [0.43469703 0.91038222]
 [0.50218286 0.4891912 ]
 [0.39795731 0.33859598]
 [0.06780523 0.30047488]
 [0.22750233 0.28312415]
 [0.29788097 0.27830142]
 [0.37362998 0.27488822]
 [0.37077329 0.27530763]
 [0.36758423 0.27578477]
 [0.35379321 0.28052635]
 [0.35278491 0.28666018]
 [0.36310668 0.6789349 ]
 [0.42785177 2.5632385 ]
 [0.55361122 3.90734967]
 [1.20344531 5.06154283]
 [2.46263664 4.278677  ]
 [2.75027886 3.00537617]
 [3.27070025 1.746906  ]
 [1.66420859 0.89345032]
 [2.07135841 0.53570292]
 [1.26923051 0.39746703]
 [1.34144661 0.35211122]
 [1.26095388 0.33105205]
 [1.06996616 0.321686  ]
 [0.92317385 0.31137132]
 [0.93601091 0.30205293]
 [1.00958935 0.294767  ]
 [1.09331849 0.29056278]
 [1.2101265  0.28715485]
 [1.31204433 0.28611982]
 [1.05436065 0.28729163]
 [0.91939338 0.28570832]
 [0.96607765 0.2870087 ]
 [0.74312869 0.29063947]
 [0.60901399 0.2958276 ]
 [0.55923308 0.29991155]
 [0.7349501  0.30595582]
 [1.21910325 0.36677432]
 [2.12238882 1.00315185]
 [3.22449206 1.4677415 ]
 [4.21443578 1.50005933]
 [4.77879126 1.3646045 ]
 [2.81037178 1.08210835]
 [1.0556987  0.72516717]
 [0.73287953 0.49203272]
 [0.61936146 0.3896513 ]
 [0.49904393 0.3778135 ]
 [0.50383752 0.39708775]
 [0.49603317 0.34608875]
 [0.55753295 0.30974888]
 [0.56068757 0.29047453]]
