0.10070768814564385
0.07825036693797972
0.0677239029215149
0.06303477794253173
0.05683003857592484
0.05407428125041048
0.05299400145723836
0.04644515927009513
0.04462610172646096
0.044740177409208916
0.04108045461484363
0.03899682668748733
0.03615583962447343
0.0339339586767523
0.03279697490446187
0.02837842464708924
0.0277143932207771
0.026084184079421317
0.025021561245791774
0.024671908009769657
0.021441200792543663
0.02134981088232642
0.02133987619812702
0.0192748467647685
0.019584301258880128
0.017269020431494485
0.017692372824485283
0.01750017576758576
0.01544396430522763
0.015737034378765877
0.016194034080032546
0.015760102089916975
0.013997997114086228
0.013217311115808941
0.01287223995963003
0.013326022697105944
0.012582602545457474
0.011330513694091457
0.01163746033997238
0.01129125036811967
0.010622550758372354
0.01094375694863915
0.010690248093066547
0.010235074165370776
0.01048198572177721
0.010131492523838923
0.009102575083053458
0.009801662540832427
0.009864114120057724
0.010379546846226462
0.009205880028664971
0.010002627435466573
0.009188020126624081
0.00884897732589407
0.009206548671506732
0.009505300154056552
0.009200850660950496
0.008642751968564868
0.008873099454327208
0.008553072308965567
0.008812360189698052
0.008450726782314585
0.00827966251549356
0.008596934196190642
0.00825923821882991
0.007938364330094162
0.008231712149075239
0.008493055439852452
0.008691528563194847
0.007720902907650507
0.007808101837065818
0.008666040667510302
0.007851615131469633
0.007483009119396537
0.007501286903233041
0.0077599879403227635
0.00762016273357863
0.0073608766489153595
0.0070692985995794745
0.007640142305111584
0.007899319522269813
0.008323767483513713
0.007999522147797818
0.00764625942750093
0.007653988799054371
0.007882496707485658
0.007717834310829424
0.007364137336319565
0.007944582763303896
0.0076520953082386866
0.007468046125890826
0.007872520176094827
0.007865943275794315
0.007450410011157362
0.006705859285961301
0.007212424948042116
0.007729448668921451
0.007298444505692614
0.007355690418252225
0.0076244620710953295
0.00763362503003432
