0.24143804780642325
0.12306520485532599
0.10067941769851813
0.09722278156662296
0.0909397941340554
0.07982537701690627
0.07302567314227815
0.06942535177867494
0.06542300107507547
0.05894634716400646
0.054192100080266196
0.0512604698374242
0.044835422059271206
0.039668868453079514
0.03713725326577929
0.03423384043514378
0.03103629124540692
0.02986823765265721
0.026567861769069133
0.026647494194769063
0.02416659589841132
0.021996013040526497
0.02101136396021776
0.019889015366674503
0.020130120690143964
0.018637242885122886
0.01809757521568558
0.017408650792191945
0.016693218044897457
0.016490407580732107
0.01591375455026612
0.015952478208152366
0.015052831288953182
0.015560898472548537
0.014786190578139638
0.014236164182090214
0.014527625742491215
0.014144189668413396
0.013710704359014973
0.01490235972696056
0.014482810711832106
0.01434991555917645
0.013697494643117552
0.01405242765361547
0.013916879588672116
0.014031712423272598
0.013070505131980678
0.014100210933152117
0.0139386669846957
0.013806448310809225
0.013602889785037386
0.01322997072934082
0.013610400711281525
0.013925016685049576
0.013174033584904756
0.013528269971222305
0.01376160923576134
0.013801497570224908
0.012888029364920665
0.01345413936878171
0.013985267035840068
0.012926152218105813
0.012640317841417425
0.013747729542936541
0.01389008951291653
0.01441229988840779
0.011928149195523487
0.01329432038861075
0.013312093182304164
0.013548353332971497
0.013122722520392953
0.013563439683161198
0.013649977255003932
0.012117692770763482
0.012391997763664241
0.012760308938559742
0.012906880662729618
0.012866221362277634
0.01481136238618748
0.012779820946890596
0.013821061068497432
0.01169113462601083
0.013180145059789502
0.012930012383596883
0.012078894864833808
0.012921296697933972
0.013328537050070925
0.012547251064417224
0.012483082301194735
0.01303386643289353
0.012412963560156174
0.011908189800334779
0.013184700789964874
0.013274219605750951
0.0136808853942187
0.014110328138223579
0.013825937507653754
0.012585522579030898
0.013121889747794081
0.013066161269776281
0.013329513385027128
