0.17358009707122155
0.10860556964177598
0.09258702555621887
0.0886068369965552
0.08552329529446566
0.0804275561802734
0.07187033648565183
0.06806065834811711
0.06089823401485752
0.055022707259237615
0.04901987914054211
0.043022442034334994
0.04047461659860501
0.03744754800808603
0.03402447080272777
0.032164962067610756
0.029673927610883766
0.02801729150693942
0.02564605172496089
0.02436392407114711
0.02291831145205525
0.022481672160600777
0.02020588426415504
0.02000475243185213
0.01778577433705021
0.017533891035517734
0.017016200700809062
0.01588457224730808
0.015445519162323796
0.013611210269118497
0.014151909161142465
0.013737327295791505
0.01327994473283477
0.012120838812684609
0.012340412274274768
0.011942310279775074
0.011895627467098935
0.010994729387503052
0.01141467189056301
0.010624442831839612
0.011373836964815342
0.010102100659771691
0.010329798281969048
0.010525688644255328
0.009769729592339823
0.010835803218596465
0.010367843749283586
0.01032550552420006
0.00952522610733025
0.009996109771492276
0.009265617789687961
0.010660446030230763
0.009549179467818773
0.00965424326643705
0.009294812689734288
0.009316397493725613
0.00967621732734255
0.009464526408398196
0.009641344783129476
0.0098458903065655
0.009949568624052376
0.009192359453097204
0.009783330984780184
0.009127793515974552
0.008523695366063667
0.00999058143123268
0.009553916476249435
0.009331754957271567
0.009882973484028992
0.009691507034906217
0.009062413777524737
0.009149621616333379
0.009085640137330205
0.009076108749013498
0.009044000564509215
0.008881516979110868
0.009280171836018855
0.0089418682567173
0.008942960667606296
0.009086698386876021
0.010123929900159654
0.008744247664231207
0.008727833805587662
0.009350252523558113
0.009014856546294898
0.008864583060013713
0.008483684624735784
0.00895996443643691
0.008952376281862842
0.009082306729341324
0.009206751075258984
0.009250703616258878
0.00889582187838197
0.00912538612406861
0.008646904213353413
0.008800521557167741
0.009305960714111114
0.009248856018484205
0.008776336551989844
0.008975525660426364
0.009719026425084305
