0.2694265703832763
0.14557436783081437
0.09304999187226305
0.06759805836159817
0.05245726464558461
0.041902752476809135
0.033813068872076364
0.027993760262405274
0.023335922011329044
0.020399068013795082
0.018540155662614594
0.01767159622014655
0.01777195192127859
0.017615768729125156
0.017795334295351344
0.017579248712047538
0.017466850571770984
0.017289516696836416
0.01728424737423155
0.017603713880657092
0.017731434208792203
0.017559558665137837
0.017463648207883462
0.01767250359444802
0.017917418632396688
0.01719093460545409
0.0175440198133627
0.018002190782743073
0.017615195190414212
0.017498382578700955
0.017574667932232675
0.017432879084944723
0.01789925430898042
0.017932025608844337
0.01738012300566241
0.017240960635780515
0.01720420807366451
0.017431056785260766
0.017578683901327045
0.017312083874744474
0.017061322089087436
0.01750566484264244
0.017367293654440348
0.017518310108532158
0.01720668348472278
0.01759538906705021
0.017297659901351466
0.017714417152123723
0.01702838573967601
0.017743384435825484
0.017884173723358897
0.017343378084793405
0.017395987349106315
0.017666396261080783
0.017424669656814246
0.0177954249491939
0.01764630990487072
0.017867911656020582
0.017566919165512795
0.01736681475328979
0.01810507694589877
0.016959126386344767
0.017587087914785998
0.017417356761477917
0.017404290443672435
0.01726679855571942
0.017218206533330623
0.017636001672389986
0.01782915236397222
0.01775510522444076
0.017081322393954664
0.017956035028896845
0.017611838904733137
0.017520580780773704
0.017201797131108483
0.01735715905210929
0.017582140964759022
0.017391513146126317
0.017895538912623434
0.017570531561444294
0.01746394117477658
0.017372317119800987
0.01733346943029087
0.017944388013461984
0.01755715786968269
0.01771178037240733
0.017648551299799045
0.017642311827047556
0.018446688826972285
0.017211505418421303
0.01705579717797701
0.017600048307591737
0.017264493054495438
0.017531918344004624
0.017958110589521417
0.017628573391169418
0.017482783142588873
0.017279331895679623
0.017882709977598752
0.017239833977546175
0.01781943757120835
