0.10585194014695976
0.0931944890908706
0.08700437812440116
0.08307415967143701
0.07753168934728505
0.07190647032485405
0.06834118026665605
0.06444799964102399
0.05898145335772869
0.054276946587121254
0.05020532803208097
0.04713211606139536
0.04230649172767891
0.040449708695418043
0.03752912223180541
0.0349849017273245
0.03224827662404378
0.029555248187479323
0.0279788829364261
0.02651544492011195
0.024420546507415212
0.022509854269389232
0.021349522806484993
0.019717837524016596
0.01894199847849433
0.017329848040401503
0.016366399067828122
0.01554322485518215
0.014701115861272526
0.014328721926102395
0.013527874377711142
0.013793079393456061
0.01343211506313382
0.013223754634220273
0.012405918088370823
0.011743187790580515
0.01214180544733885
0.011148688308163894
0.01102625197442541
0.010851080816738872
0.010715591665490146
0.009968690074512216
0.010078889268903504
0.009672782040080171
0.010365531057757312
0.009395056075023868
0.00966977564868992
0.009444259901260847
0.009099833105708818
0.00904540285215351
0.00844036649033219
0.008313910286616722
0.00919551654236517
0.008753291309017197
0.008629263024820925
0.008955015271493564
0.0083644228681144
0.00787100989605665
0.008095638272540706
0.00856338718136707
0.008314893250830655
0.00788252948668576
0.007942698355924392
0.008087552144467014
0.0073610621955178404
0.007726045077274125
0.008049646979246955
0.008118098815856269
0.007704715763181024
0.0076159460029360925
0.007590896785109174
0.007584201263841021
0.0075323054775583665
0.007657499845939897
0.008089979240465936
0.007100160422562455
0.0076351689410824415
0.007629454628337396
0.0071266764751032365
0.007639929156741813
0.006980947753727333
0.007636950091630269
0.007004529665076813
0.007215128422461422
0.007898146862214652
0.007631752134908159
0.007898579559332188
0.006879003467297005
0.007390494560255301
0.007706585073483959
0.007514593602203638
0.007415341026197932
0.0069681067624977715
0.007540218609394701
0.007404040342398641
0.007383378223806452
0.0071221533928542856
0.00701991144489209
0.00696424881543646
0.007297283638643486
0.007487397993478259
