0.3169569136285841
0.14308373629951898
0.07187464361390236
0.05891459225402777
0.05956653165256957
0.05433410096570243
0.04831504174619737
0.04620589523867049
0.04432121538738318
0.04050016790900525
0.037234596226791955
0.03469622756800155
0.031863731362025326
0.03024099697266669
0.02727040965928597
0.023408407762538056
0.02207849615464992
0.021842850875084682
0.020766186893525888
0.01767114247941923
0.01725775591784881
0.01691996332400355
0.01402134351688781
0.014083994908433727
0.013592373917326483
0.011457774813465223
0.011548937011153157
0.011382107761325857
0.010148964699109874
0.010180301365283742
0.009694737330393806
0.009534764704498204
0.008664900906742629
0.008144327943925734
0.008112624586133578
0.007913245838332304
0.006772726750154483
0.006796178619234348
0.006417247335201796
0.0061309897212461825
0.006796780240874828
0.006175656908298766
0.00572935889327987
0.005397807559571582
0.005346533462368099
0.005896828023298354
0.004935111431108461
0.005294977079567238
0.005057996422751156
0.005235337305241045
0.004824678628498587
0.004853899791214693
0.00505707879761183
0.004484726116439273
0.004879547724247451
0.004981226055977971
0.0048508801000669306
0.004686999694175965
0.004612434832948001
0.004559687627164215
0.004593785183202532
0.004715838482521121
0.004905946475703733
0.004457124720882338
0.004360747406457372
0.004426043502877698
0.0039043643624913104
0.003986715099198945
0.004898735853352301
0.005604814809361389
0.004471050217944261
0.004205839957245546
0.00441704920246652
0.00444916382209177
0.004377699004249663
0.00459027632543922
0.004792815590398325
0.0044642159951946364
0.004366015017003843
0.004365990685476689
0.0042280200730435286
0.004400969654559727
0.004482198602461757
0.004479573374966347
0.004374977471804278
0.003825891449079183
0.003969856998626577
0.004736668882495331
0.00448217505760584
0.004733115333671724
0.004472366125951938
0.003897715916285146
0.004449971004202376
0.004739382941980625
0.004583646516457029
0.004045658579003678
0.004732105924245781
0.00450407290762917
0.004268093711245861
0.003987087707799059
0.004573825510980371
