0.18843169188539244
0.14327353037687995
0.12208661058606136
0.10399335088188659
0.09939982028526655
0.09686507934224337
0.09747874301274623
0.09690576612264472
0.09687942675144538
0.09788484214664024
0.09704164774373275
0.0968678907368722
0.09792865162677168
0.09633556811945417
0.09726148174729578
0.09763264326181753
0.09837835447392708
0.09689190588300185
0.0963140830920907
0.09762768579671043
0.09505383307786085
0.09858176167292913
0.09757238641479508
0.10012116765998244
0.0981771741894961
0.09707826018241633
0.09711468971951899
0.09683757312547187
0.09361734182329776
0.09782864881101792
0.09916644765645637
0.09617532079272202
0.09731212413096892
0.09909873928105839
0.09618326950680532
0.09835391110976348
0.09491653869846026
0.09802583388815493
0.09672282435544927
0.09448607020180769
0.09628053289670126
0.09928022712623379
0.09777009804038456
0.0975280875431314
0.09698544408182537
0.0966155152451191
0.09705306301985892
0.09581213225762772
0.09631067375292582
0.09788749424161093
0.0957253819483884
0.09660236667460227
0.09730910724309541
0.09723126960236478
0.09584461607070932
0.09825799811940829
0.09940705185186716
0.09853348529928534
0.0960955403594278
0.09668820651995899
0.09979967921017349
0.09672864407300327
0.09809194511033757
0.0961234051731962
0.09589712227648071
0.09637481420900475
0.09839944685162168
0.09822365369800472
0.0988093001754032
0.0977285640476776
0.0959945250205996
0.09750078905064996
0.09762907166607884
0.09681395959289879
0.09777716840191396
0.09861142354856639
0.09805422380620905
0.09713811937165585
0.09713006746520501
0.0982532010141078
0.0966265130758928
0.09593139821979069
0.09482114610629865
0.0961298002076209
0.09626040371948065
0.09719752403966868
0.09724006117138728
0.09909543731943612
0.09666151207855894
0.09617663576295037
0.0955634334247961
0.09691504120940776
0.09569367534929789
0.09800563409195794
0.09708919729652837
0.09633490215115935
0.09911942388950606
0.0965371282906946
0.09600537489794918
0.09783558066161974
0.09585590774743649
