0.46644621960925636
0.23001899458159408
0.09332500596514694
0.0729837279158929
0.06766495854098281
0.060211530157534984
0.056275653113241564
0.05346408690028318
0.0517196404919871
0.046490373673980526
0.04233665704285408
0.0405897023459343
0.03752079896654662
0.035217214987318134
0.03190022836984464
0.029635486776141206
0.030333405224598438
0.026338747316229812
0.023958655521035516
0.02361824472339112
0.023394145836082063
0.021667576370552794
0.019664195375870216
0.019332185512559236
0.018733130277836112
0.018055916861239064
0.017761177311380123
0.016023204241760493
0.0168825754013677
0.015757412365027295
0.014898031696590722
0.015668778540339597
0.01481203823724727
0.014626012874774106
0.01364553401588603
0.014062502600653667
0.01373078132454701
0.012494830007788735
0.013722831107306132
0.012980721828738549
0.011756602360903213
0.013049158584350653
0.011954590304194535
0.01187583458123702
0.012897909977810386
0.012674612279280973
0.012068576667038975
0.011340529976787542
0.01228260750356213
0.01127766250062228
0.012174861460268104
0.011529684227178384
0.011135368549569993
0.010868443823685112
0.01083209676970814
0.01142925744495931
0.01138038233316905
0.011584616116143101
0.01163500271469977
0.011966868466907843
0.011527760134827258
0.010884042498405758
0.011061418280760047
0.011605563888320122
0.01013621041949993
0.011216827104244431
0.010088227075543233
0.010410390310926509
0.009990673054271084
0.011174657555832194
0.010712765935607603
0.01024170254118156
0.012273608621308506
0.011024535615797783
0.010735687088796157
0.01091750012675616
0.010684521087597198
0.010585624751638458
0.010156872243651601
0.011542698890201526
0.011166814765985035
0.01037970550171324
0.010364880511074433
0.010410485942310407
0.010399323447053431
0.010049464157042567
0.010704463883705275
0.010179917256224483
0.01079846218051973
0.011730267387075681
0.01074093646001412
0.01017333961276293
0.00937760601645495
0.010030967921621092
0.011018185496632563
0.00986486758436343
0.010552551904606279
0.010516477570943272
0.010164351707008313
0.0102662850102844
0.011002377402576098
