0.4154295970390929
0.3243791690317004
0.2532714217760739
0.19779381104901253
0.1479129338663475
0.11876392474786439
0.09467920006555186
0.08620000260166456
0.07457283329464481
0.06874899841288476
0.062169667958164046
0.05548097325140239
0.049763810271575094
0.04403035197044242
0.03912148986206037
0.03511416834868962
0.031591975747306614
0.02863422440728774
0.025629498558809836
0.024990439709370687
0.022713628911281546
0.022124617466655255
0.02210444216585074
0.02047099313705901
0.02003390262588544
0.019499879348233908
0.019745828637701576
0.02064266990028236
0.02001478268547934
0.020220822906828098
0.019318514326648134
0.02017257514848923
0.01977546831757225
0.019937937563694712
0.020477049886650844
0.020160631347698202
0.020040013383828808
0.020184470620950273
0.020163377424082814
0.019263387448011177
0.01984732327338654
0.020163403500768597
0.019863800878508475
0.019706594197592107
0.019959354392894316
0.02003020768817549
0.01940936317609685
0.02003817207476692
0.019044094733960633
0.020112524866717833
0.01994322807792639
0.019923984920300515
0.020410651090088425
0.02002808525141813
0.019602479089404917
0.019879436159073796
0.01996841745439221
0.019776186013729727
0.020334767025201667
0.0199631364954233
0.020582995024229896
0.02013545371409348
0.020223076562596965
0.020283471035550282
0.01958631137208662
0.020117381748154247
0.019696384761805266
0.019489092475542206
0.019730905977509396
0.020349508855868368
0.019965769362411373
0.020019343757008264
0.019430629590410132
0.019960924923490282
0.01954049491736603
0.020345725449458427
0.02035808720325438
0.0200264332488211
0.020103346552595432
0.02014459014910047
0.020713928641940348
0.02060383239825603
0.019662609904552417
0.020143021295480536
0.020532406944454955
0.01996271271026533
0.019874281644643197
0.020604832046708727
0.01930545175900473
0.0199603881625335
0.019903617670011805
0.019548665176220496
0.02017806452626427
0.01983408623023903
0.02028935292001719
0.02007619895533936
0.02008017413854786
0.019568813109031462
0.019732334874555505
0.020693586500589924
0.01976625611835252
