0.12430184937842285
0.09228306873713113
0.07659908941273087
0.06462559935159508
0.056370295131322974
0.048184035020848885
0.041975632535703376
0.0358357253412591
0.031035228584471455
0.02707332137042482
0.022883052162750647
0.02041154097115725
0.01788325325820408
0.016001298575011716
0.014776932071923012
0.01460723555986172
0.012978447905330006
0.01325947389344918
0.0136019687491355
0.01292892207530747
0.012914835436287702
0.012531530572148673
0.013276941011253133
0.012500907436352907
0.012146626065078945
0.012762086341137702
0.012898586545612826
0.013050600479485712
0.013153349185510574
0.013062135533603062
0.01240485596104556
0.012632527396202107
0.012607115829916606
0.012682790244712507
0.013015844167385994
0.012411426836439017
0.01251498284727827
0.013311450310136216
0.012638876669824725
0.012969324730372845
0.012359868077174744
0.012605549170117778
0.012629023531185304
0.012676762463524711
0.01194120389362189
0.012330037415524422
0.012842256516819337
0.012281335241263201
0.012621498611197726
0.012547718072575901
0.013125846708306124
0.012907362944045557
0.012469370701934848
0.012820336249382459
0.013233358327751759
0.013163302852509285
0.013452311046149388
0.012542027652625206
0.013026456020991999
0.01279299591359492
0.012417548861246816
0.011932653898586977
0.012250223907156028
0.01231433802331432
0.012415771378482954
0.012398912669539517
0.012501417812751327
0.012740376996028131
0.012638636338626474
0.012255148544662572
0.012305062891076484
0.012549032167019048
0.013307201156848384
0.012921356405842665
0.012131499993991698
0.01258904948668175
0.012106739481296954
0.012035139444315182
0.01294330472614705
0.012731126777061385
0.01269942199719758
0.012386058337030955
0.012801440729005699
0.012987485723955321
0.012456910439566933
0.012717491908457881
0.01314564678539523
0.01225155918799241
0.012588631784588198
0.012669908394806906
0.012605476997387436
0.012670973446818334
0.012436652883627884
0.012531095670319336
0.012027160901692691
0.012711246681279076
0.012622605860726258
0.013191775619846389
0.012063074294274844
0.012280252271549417
0.012595351912337703
