0.11772635934568734
0.08589904748955382
0.07949812824548921
0.07026773770738072
0.06174289199586117
0.05184430895658082
0.04291546333040083
0.03596755063196322
0.03157023032420005
0.02751546835792927
0.024395498430570404
0.021302823657810447
0.019138148899115318
0.017739636948747108
0.016495960806630582
0.014402088459431481
0.013555138791278001
0.012306796333462258
0.01133850936268407
0.010441237688084448
0.009753501275802169
0.00906860568828621
0.008681887661529353
0.008259500339620751
0.007826507076379486
0.0076546120887906665
0.007186888652339852
0.007150236204409975
0.0067792454220942005
0.0070087952220188755
0.006269666077181448
0.006574701350377006
0.005995623065376454
0.006708164194279855
0.006338532649809545
0.005945820731097799
0.00578212084200649
0.005785942102498831
0.0060973727122867845
0.005847370738635706
0.005865564880319643
0.0060442965691095375
0.005965844389726681
0.00551628828641604
0.0055183908618249445
0.005328511981971647
0.005029026885693611
0.00513199988197426
0.005430294975191444
0.005135277482941205
0.0055767152886641354
