0.9866020505033439
0.808146633670865
0.6641104900774115
0.5675711478542133
0.45373021922919293
0.3757744882198024
0.3117275777436875
0.263336801716297
0.21697684638066206
0.1772151230059152
0.15265457302496757
0.13532241565901545
0.12075999533319315
0.11074519602346583
0.09786835113155423
0.09034321760888366
0.08110188364186424
0.07576706113477731
0.06887660129518801
0.06238277145103321
0.0566458329682944
0.05079118008883738
0.04628859751650981
0.0410392786640633
0.03751900311979409
0.032516366800875184
0.028771141082952104
0.02609537272391135
0.023017572591081524
0.020981571414485225
0.0194271105294581
0.017952062306040587
0.0172346949873933
0.016718631330506196
0.016239330615873144
0.01566527271503091
0.016598103069942652
0.0170394584617595
0.017092742460388118
0.01729599151755061
0.016557842716900417
0.015975899352890007
0.016469475713076557
0.015662323703946913
0.01654945164481667
0.01618054537393358
0.015430148656491314
0.016384900731080534
0.016392324659323276
0.01672188192339018
0.016402915382207457
0.01624108391277682
0.01681228428751394
0.016122824172056766
0.016446314098002304
0.016397629592029974
0.015134474459188309
0.016012107581929565
0.01735960693353495
0.01599740076584773
0.016539543461312107
0.01521244637454776
0.015979677020227553
0.016810414183388245
0.01635592549289692
0.0158127507156694
0.016151751365833997
0.016349448274594728
0.016113227147087086
0.015967510143776318
0.01659805493038325
0.015553228130803053
0.01562331075605231
0.016567824314898366
0.015678336746807065
0.01702962925559514
0.016300062203480622
0.016498035687143867
0.016125659215477546
0.017017884585048368
0.01716057691965978
0.017037086277899304
0.016722510165437774
0.016773579672599875
0.01516450071637421
0.01596528583543054
0.01692202614184144
0.016155177730138488
0.016601366742497046
0.016549620250592773
0.015784787231028934
0.01571518470310192
0.01581623649641603
0.015835651565461004
0.016040666092098952
0.016257301732067436
0.015791093573832998
0.01597195297706659
0.01577450077558878
0.016423025243186087
0.016184157615809915
