0.2615389091749255
0.08858678644816315
0.06432254760783802
0.0562038844543338
0.05338919457897792
0.047453814206877915
0.0437086496687081
0.0408376170303134
0.033504735754401986
0.029916207797102416
0.027900899751380704
0.023695452929668407
0.021039889775063016
0.0194308256010633
0.016668233756943332
0.015072621298412614
0.013339619124688071
0.011787185323819345
0.011281498088277784
0.011391545977804665
0.009513812253196072
0.010236621868601428
0.00898954399442593
0.009131433504536645
0.008764768299239738
0.008369481728543189
0.007984346409764363
0.008833050460065208
0.00906659080256812
0.007782937098105662
0.007309212579456997
0.007561932927792008
0.00704268107140161
0.008264752574757034
0.007477584650546902
0.00768936489499129
0.008156218856467695
0.006928623483797714
0.007558947867430421
0.0071326317584730625
0.007454340178170056
0.007897422792471505
0.007668570531786139
0.006888534568838036
0.0076921283580421865
0.008242129821173144
0.006568428552831103
0.006575382936613806
0.006923660749520453
0.007419809091938317
0.007399276059893985
0.007100068805957092
0.007503516962061822
0.006923805816027389
0.007185703118090396
0.006643488596372772
0.007384352722316987
0.007900962340733056
0.007547590084870077
0.006216550432107982
0.007155964746786619
0.007293655706289429
0.007171468025065588
0.00687015359353137
0.007322287221184493
0.007458339285492667
0.006950857379746415
0.005975255065505693
0.006049234495670042
0.007524643230671543
0.0073189719247253975
0.006575833137499633
0.007138714061852982
0.006490017643341106
0.007262058206212107
0.00652603676652445
0.006819908611413717
0.0061941998143530625
0.006590117373485711
0.006400769732308421
0.006755867284325253
0.007638953759190502
0.006920541127162632
0.006511057964018206
0.006302253592147434
0.007323528995631866
0.006900739337831015
0.007039987112213435
0.00718967876339463
0.006349089090844857
0.0070967104884574585
0.006448226637384259
0.0063677153516355075
0.007116035041291664
0.00657626012841154
0.006375398149920462
0.006009319696919645
0.007125338131613736
0.0065506394143949745
0.007123822531987505
0.006948165283246433
