0.08390193149377057
0.06762791171775057
0.05564835906291652
0.04716277007623022
0.0408654033814255
0.03604697459729234
0.03077298612873997
0.027931429374095988
0.025904050440727504
0.024185480763288286
0.023817719172618476
0.02286742991365926
0.02219481334591668
0.02233372083894267
0.021629289464875783
0.022320153396958906
0.02203492503585876
0.022369937065814725
0.02281422573676101
0.022218790257919625
0.022393997347004913
0.022832952988628218
0.02180499091854539
0.02250882960935651
0.022495545810600908
0.02272674708182134
0.021929114024475747
0.022267629569518926
0.022580126665726688
0.02213995114025979
0.02242507821812149
0.02247815906024806
0.022231019912506297
0.0222710126966095
0.022338016645812725
0.0220989267508624
0.021473725993269615
0.022124569713412003
0.022194607191104315
0.02214421535866765
0.022354217687111086
0.022076490341034677
0.022233411615598147
0.02231125343036004
0.02160887141476174
0.022109657945045907
0.02254496360486291
0.021822288860217462
0.022182933913236374
0.022437986238987476
0.02171605947395389
0.022125830055073892
0.021622937313265842
0.022398100809169767
0.022464875304551504
0.02163666851555364
0.022657537563961588
0.021947547603655713
0.02240351045194881
0.021518382998047595
0.02151401500069605
0.02240159639863331
0.022489753196741246
0.02218874253858391
0.02176061728062843
0.0218335989728695
0.02272604807220278
0.022164526952046595
0.02173838478163248
0.021669767146195867
0.022586314578941256
0.022214805789954408
0.021797810410527682
0.0221860046182999
0.021538707083670932
0.022164321966789437
0.021180165048549287
0.022349613673269177
0.022133278985616373
0.02234621471649208
0.022463114769181395
0.021930872257899296
0.021864958638480807
0.022899424513588187
0.022010011979184244
0.023152563634592522
0.02223590135903465
0.02262453885111638
0.022291546131838123
0.022685377599017672
0.021899350713250283
0.0220446365656135
0.0223958400996185
0.022280253364267616
0.021796943818200167
0.023159016099957616
0.022809960100576114
0.022394037234530397
0.022447578450027955
0.02224754376324616
0.022711561220597535
