0.324707947530759
0.1002086740802992
0.07402971056775975
0.06381200857469975
0.05914288185573217
0.056043299110939054
0.051567347437930726
0.04184605310745769
0.037611435202937
0.03337928404912493
0.027328008819685785
0.025776437825656914
0.02274826630105408
0.018267544023920865
0.01655069392470846
0.01400717799694827
0.011439990862806903
0.010145634487577883
0.008428301494273312
0.007771865278808361
0.007565643500308646
0.007004358346043438
0.0061925061734785245
0.0058268599199749575
0.005227372122302372
0.005083509893845312
0.004735692293866913
0.004308785437303669
0.004692668633294855
0.004449432581360633
0.0043098926482101245
0.004138430256831478
0.004454051095384586
0.004528188906817927
0.004099232998926422
0.0037881011653570834
0.0045909836293414625
0.003765020613126984
0.003597258832550168
0.003943018111023432
0.004369928469366619
0.003641719254108791
0.004297245863133912
0.003890172928860236
0.004158055818798014
0.003928540822074492
0.003993189755012964
0.004253244958590268
0.004106797808215243
0.004421869633104226
0.0039571866332308294
0.004063082164175091
0.003935684753408848
0.004346005867400098
0.00423653903864649
0.004564918085262029
0.004186561772505812
0.004326519623601341
0.004370360046197554
0.004160530370333283
0.004088051012625051
0.0034482691511452954
0.0037591154232979093
0.004568538171808849
0.003936012647381076
0.004012203097365897
0.004321787062387033
0.004246769817655608
0.004287210865125551
0.003823729869755546
0.004288131265576477
0.004397832699565689
0.004042143030518312
0.00417305956943354
0.00450926898587441
0.003925208453543942
0.003782897465099234
0.0040824308944693325
0.0031850403800811047
0.004088428892275541
0.004205673549443184
0.0037564659672243515
0.004113013478813352
0.004073971592216834
0.004175392507267616
0.0040570891011755756
0.00393193645898496
0.004060534181922139
0.003977421810901415
0.0043186827280035965
0.003781505413691547
0.003822876472449001
0.004510499519152284
0.003849591487368933
0.004110159412900887
0.004069908868862663
0.00342390236265215
0.0038728182057699142
0.00357506150593142
0.00416355319547543
0.003967356205256797
