0.20410067205258167
0.11675396260157658
0.09561008627797729
0.08661186645064584
0.08102983128682485
0.0755422384479903
0.07315246730402973
0.06727358636724137
0.062264481132037655
0.05770117510521168
0.05583194768735981
0.050578854980253135
0.04815424053975184
0.04612988975971343
0.04292637782023729
0.040545562911303346
0.039551023888322843
0.034501541283824495
0.032863293159384056
0.029924067467152312
0.02933238452847387
0.027389958689623756
0.023757708898182645
0.023949841952500363
0.0218906748019818
0.021475354199294673
0.019157651099237696
0.017509129693657973
0.016492410486326693
0.015015505351032006
0.014624593787001384
0.013855473288184313
0.012585489858773436
0.011899309147616164
0.011357488773038523
0.0116157980102981
0.01075687148051663
0.010670168636259258
0.009930765012140961
0.009684686607911799
0.008869149612007134
0.009120368147244326
0.008267353618831052
0.008315150467597267
0.008330452474805055
0.008020498498287737
0.008207897175671046
0.007934104508928527
0.0072396403399505585
0.007024885948700311
0.007038454282532603
0.006786789879426714
0.007257036830985914
0.006626291864759683
0.006608423749344694
0.0066920254972790425
0.006473840794962742
0.0058701095584314964
0.005837291519027316
0.0060965969793160555
0.00593839619161481
0.005770119840249498
0.005386235240201164
0.0056543080192375805
0.005270269072689285
0.005352742963701518
0.0051473099554188145
0.004928991416053718
0.005691176743492536
0.004933795431768475
0.004582812558783075
0.0050284008633833584
0.00486582892959986
0.004711018176037526
0.005182818266575335
0.00501668226907529
0.00484400922165086
0.004721620966871831
0.005140318815594739
0.004774527845138491
0.004555221130967766
0.004388434290452836
0.004634341785332662
0.0049663910751132035
0.004551264248508431
0.004465998119132076
0.004336072724723227
0.004148337462943665
0.004029017280480783
0.004592256248005256
0.004605356868366814
0.0038515436043713674
0.004647283908169915
0.004438034948373741
0.004457024499546771
0.004062804593879453
0.004025904386332214
0.0042802020720707785
0.00397476161510082
0.004190756302749107
0.004095679674648914
