0.4744348047412907
0.16995953095665395
0.1342476452822267
0.11726962353157787
0.10364524531347391
0.09137883788199515
0.07692075820644323
0.0668478643401886
0.05589556513864889
0.04867140223816585
0.041886323885793934
0.03659679959042999
0.03290458347376006
0.028396058523761845
0.02625174006858265
0.022666118665703252
0.02052660709287637
0.01840521467598806
0.016220064172977895
0.01491397266638421
0.013891457713853875
0.011887238075400684
0.011156810558441057
0.01097456253937967
0.010738240579339312
0.009340965476943661
0.008992599387116804
0.008341855057523244
0.008025386068258908
0.007830059314344264
0.0075166099404039175
0.007270495097608342
0.006110734969594618
0.006468029786517372
0.005406623031958804
0.005651217524247644
0.005401967613710986
0.005782468543161732
0.005592350280044512
0.005478768699599185
0.0052857532665327705
0.0053477550328582665
0.004838483476132228
0.005215723834410263
0.00495941445914093
0.004781792062876729
0.004102470433099795
0.00485267948423137
0.00437949905933294
0.004907385386895402
0.004181022483026027
0.004493113902855814
0.00477415310841348
0.0038257823352086354
0.004767324724029877
0.004804828904072723
0.003967713590496888
0.0047951035297503
0.0043234652633397245
0.004092503806274837
0.004339460383271543
0.004075851839718863
0.004160777382863639
0.004353923741270283
0.004287404916838648
0.0044786517708606715
0.004057601686523844
0.004637804127629514
0.004246027769465325
0.0038306449916826807
0.0036768651531860898
0.0040115740780698695
0.0038220807716386196
0.0038780587025274565
0.004529702329785231
0.0040231260105195905
0.004396342012054158
0.004501053213184526
0.004124922434816027
0.004035659629049791
0.004101401621711663
0.003670842389890292
0.0039138649516241115
0.0040899886371238425
0.004037510189312542
0.004005134931398862
0.004065820602544233
0.004122060359675478
0.004260561730703682
0.004072758330094213
0.004586603105541118
0.004679259634423206
0.004219938338248485
0.00419863850074731
0.0038472392625187924
0.003892072722453364
0.0035152591331745614
0.004527400063986404
0.00442521604654248
0.004027920470161459
0.004124701094917959
