0.08516239096637311
0.07605905577871505
0.06872066785081525
0.062028523937417195
0.05601645534155378
0.050043569443511834
0.04476612391635747
0.04037359515012678
0.03602832594856611
0.03285979183998159
0.03017650273706181
0.027320226831792166
0.025432070744754443
0.02346863238798162
0.022929910403615854
0.021689520468491694
0.020280130219328826
0.0195796373778009
0.01800849115451278
0.017785474331608635
0.01648249875756906
0.016381808233381343
0.015974990514367723
0.014950780762919407
0.014512784531189846
0.014364936068772113
0.01446445227108788
0.01401415983227684
0.013079957444492744
0.012758432128443872
0.013279598441486616
0.012864171978806328
0.012723660898088606
0.012169764114161267
0.012398873256988466
0.011758256018705338
0.012227385372595389
0.011694264653722967
0.011644849584812378
0.01190051087019929
0.011554533541072241
0.010142249576355275
0.011722772149899101
0.01199912220509719
0.01107414455748773
0.011449162126854899
0.01155337891285497
0.01101833957291645
0.011200580699465664
0.0116584891112086
0.01105686522038836
0.0116804715107397
0.01128660301172042
0.011063736149965045
0.011120082529032708
0.01138138420196473
0.011266718852808784
0.011653319550072873
0.011004278979107914
0.010949520812497246
0.011721747674175945
0.011347703705836622
0.010812298637103488
0.011137187782919979
0.010985696792635603
0.011011607266016774
0.011295858395494442
0.011024602611566585
0.01056956161984085
0.01023168851618922
0.011317566045676195
0.011081997491959268
0.010661614660408707
0.010731853547494882
0.011352339060775133
0.011389655142555499
0.011301130786042198
0.011882041500120366
0.01105210926738979
0.011752524219505608
0.011350342080237394
0.010767551756401005
0.01055921022922645
0.010981790040784842
0.01055299032117162
0.01111237627696053
0.011490890516017673
0.00996212417699913
0.011330786365458404
0.010977051477782539
0.01113550488253708
0.011337346175089049
0.01101995172989192
0.011486149370179666
0.011623368628740563
0.011625906554386858
0.010736342176339552
0.01049187759468699
0.010985757697473704
0.011231338824681632
0.011306456506322235
