0.09656312809191275
0.08617920412831927
0.07606664834086607
0.06295373861999187
0.05159651890544388
0.043622257613109956
0.0384630787740438
0.032838242795832986
0.027207119537461907
0.02391977056139743
0.01979123868387142
0.018671154959859285
0.017359809242346935
0.01618964206212648
0.014318865704019591
0.014339022180653761
0.013310370329800357
0.01238119480397411
0.011863562023481138
0.01132934380881222
0.010805668644460906
0.00971759616929736
0.009615355475616108
0.009192806606045302
0.009341093937973053
0.008394003513153314
0.008165676123946407
0.008431485685294771
0.007917126336043096
0.008186907070395578
0.007795912740641965
0.007565689744473669
0.007557475180679874
0.007089731078770172
0.006879339948503737
0.007200762150967345
0.006867860907793727
0.007238914150965701
0.006598924800582669
0.007003554621646924
0.006906939496478696
0.006841028421459443
0.007010875605109506
0.006775592679322446
0.006729437620437912
0.006129262606602331
0.006308376979996918
0.006453487403271444
0.005998661456968127
0.006439691920899431
0.0061827189963040655
