0.5938184304717531
0.33365601613836376
0.15766199543310774
0.09734465887736027
0.08421386369845675
0.07590041836838263
0.0663890412059473
0.05738842218079815
0.0484421326698301
0.04142875492467066
0.03419759069531071
0.030210227110160175
0.02602320392683685
0.02381581922035287
0.022039863924153916
0.02010620580191282
0.01862208390303402
0.01668890891057859
0.01590371880716612
0.01532098853251731
0.014324829894643617
0.01388807370798903
0.01346257278696189
0.012725594633545745
0.012191481808747075
0.012073080116929267
0.010830465987788918
0.011109557438369808
0.01064385383766959
0.010947383938043268
0.010845349463438141
0.011010727748198838
0.010928878663265721
0.010115962079613482
0.010752961278366271
0.010060080347590898
0.010241532673044982
0.009720553679075055
0.009515302117731552
0.00995621826734872
0.009814057559932874
0.009797503630492399
0.010016755873679681
0.009683644005029777
0.009799525507393264
0.010223064646807778
0.01018978833282167
0.009728663193908376
0.010223941533995232
0.009520509664561076
0.009647392456023916
