0.31940159229442683
0.2506363221422613
0.1856425054465882
0.1293494053029072
0.08729793187849466
0.06197864353820886
0.04704158570045586
0.0426363195699556
0.03614279097671729
0.03268221626632661
0.03179564270329393
0.029499095776554216
0.029031978019880625
0.02545288011432349
0.02397988766153627
0.02375809208847219
0.0220053656972619
0.02211956945927566
0.019950367677145357
0.020542930218072932
0.019199675876795944
0.019707187437923584
0.01805676695017237
0.017872342679511488
0.017228188469026826
0.01854114062709614
0.017432470045452966
0.01783662411415637
0.01721741132882814
0.015307478348234446
0.01697776946272516
0.015296383649849773
0.016473886209624394
0.016237219601383607
0.016357372336274986
0.01772851013017766
0.01645123382870893
0.016832788643897277
0.0168394650623884
0.015292334271824415
0.015496647769747615
0.016207190625462945
0.017829823703546265
0.015658597346688858
0.01637743731513965
0.015716922088566614
0.016259395459066732
0.01615789633163745
0.015720304437604884
0.01468514024266782
0.016800190384290127
0.016030569089140963
0.015127546642384403
0.01523567046125313
0.015813008625670432
0.016711056714452655
0.015835520053536823
0.015859833464819718
0.01632460473615696
0.016784520049872628
0.01486399086626243
0.01661558340609658
0.01618090775136484
0.015440638165762542
0.015745402194112315
0.016679651968428858
0.016227432770906117
0.01517142824517507
0.016570428707525186
0.015805073070234012
0.015567697350305122
0.015160062029359045
0.015545006574948773
0.015843691319170742
0.0158124925447342
0.014134549993679633
0.015502622560388856
0.017032829939912647
0.01632470501114443
0.015217854748762773
0.015836569224858817
0.015514091800066288
0.016600218820082654
0.015246742752637673
0.016350672558089783
0.014312050686361199
0.016861310687573943
0.015085433217871523
0.01599653086983018
0.015583377582384388
0.016178208279795374
0.01495975594801173
0.015548610597840547
0.0155643009850822
0.015530107757352344
0.01599302352086747
0.01655043298631398
0.01488753847966677
0.014796403301262726
0.016198984819599818
0.014500534301019267
