0.11051982876218454
0.08976465502782817
0.07944262366864675
0.0706186981937857
0.061054486936371784
0.05220993161742125
0.04502914290646536
0.039389353754843974
0.03511069840190379
0.031778639150888514
0.02846843515497736
0.02636911171214693
0.024103771902800372
0.022032866720254826
0.020106061760005286
0.019033787383872562
0.017659781397151738
0.017250071146194673
0.016037689053471808
0.014931687843561102
0.014915702934193935
0.01362435631793791
0.014060197091610464
0.013257591362546752
0.012741333618609131
0.012642309901337205
0.012247133516568563
0.012035821590115405
0.011207438792545833
0.011122343189751513
0.010490908541709875
0.010600390365223526
0.010726616678418859
0.010345625898213008
0.010104655408003252
0.010512790638192993
0.009712928285695034
0.010054165472396544
0.009804643777768997
0.009704984923531461
0.010479058385716975
0.009578734791440993
0.009486307826077654
0.009185719081720755
0.009192445959661033
0.008688585260970477
0.009590118363232269
0.008624206233843235
0.00933862361438079
0.008917593619264481
0.0093976490990317
0.008870116450886525
0.008662346101115903
0.008478582540882015
0.009254144566189008
0.008271910813764936
0.008526606825830072
0.00842647704259789
0.008999334679936903
0.009349502405338016
0.00853321933956602
0.008679782382884098
0.00868355802311127
0.008475412286191326
0.008254257947286816
0.008913542877426362
0.008635121759753924
0.008435874036036644
0.008517338516643738
0.008374620254659697
0.008577013854557019
0.008022112857171651
0.00932249030046942
0.008311276967072338
0.008068797217933096
0.007792362317707613
0.007990848210039262
0.008960558200157965
0.007991662852064504
0.008289412294576288
0.008487451616990343
0.007491499094432478
0.00798564861051922
0.008043068568620432
0.007840027637995347
0.008233711703267794
0.008958574147658402
0.007658935413801525
0.008054860093988547
0.008226288709322923
0.008448943186824362
0.008663040220720966
0.007851039204469213
0.008215126695699264
0.008090465257854765
0.008269859668247182
0.007998607512345454
0.008329598530472607
0.008371950768825335
0.007843301108347137
0.008097809045501522
