0.2178196312186591
0.08143124675925381
0.06820677276114097
0.06400157962060783
0.05424735453761643
0.047611453076838374
0.042669451354161815
0.035666124679910545
0.03024643490075258
0.02758267358768745
0.023558236933038
0.020207615206152205
0.017793924417692286
0.01641001028906593
0.013858614186249374
0.012530734563635716
0.010888396086991934
0.009822808367250961
0.008668260243756816
0.007198959395119932
0.007670093132136841
0.007134979380383148
0.006307796952958495
0.0061409208462621725
0.005360819584560727
0.005418321335203618
0.005783315470044751
0.004758033777393526
0.004627906792464868
0.004668552395682092
0.004786587513219635
0.004917270186913542
0.0040308465925816975
0.0044558889260001375
0.0038399166039447346
0.004376614984291906
0.004370395006553249
0.004535954868456622
0.0036996647030456274
0.003669717771467623
0.004043591497516045
0.003873795556393831
0.0038927479023394824
0.0038433688329502797
0.0035988430991112483
0.003567691880393923
0.0036314557808181003
0.0033110458503035987
0.003911347371641238
0.003566644378396788
0.003560579941991691
0.0033718930887005993
0.003553998216149933
0.0035140812133607944
0.0033022143606388546
0.0033490559522762866
0.0032990359553958432
0.0031993449023287796
0.003735346119503935
0.0034361979988510056
0.0033148477010416086
0.0034841401913097065
0.0031033220682875847
0.0034542179984889264
0.0035894136066262046
0.003280670482218761
0.0031648273244263645
0.0032477731783021766
0.003244779079802963
0.0030506146010386903
0.00330562727704151
0.0031933111809235113
0.0030534092771250716
0.002773394481195629
0.0030729991880596294
0.002649524447753693
0.0033313947174105326
0.0027609931181906034
0.002682151786584368
0.002668262503810232
0.0031671745995050763
0.0034806190185593232
0.0027964717980921406
0.002722678649329425
0.0029348554201134663
0.0033700634546004926
0.0032905206296060373
0.003114220757757746
0.0028218237591884333
0.0030251721877241704
0.0027397864027654327
0.0030860569324287048
0.003045691731896935
0.0029993436883842366
0.0029010067280387697
0.0030858297669025115
0.0033274537672550665
0.0029759312188321514
0.0029645037697216417
0.0028825440406940357
0.0028349715368263745
