0.32242561105347134
0.1599586925440771
0.09641163376299021
0.07383726321508093
0.06216430688038436
0.04986613552692187
0.040913538305706494
0.03365410357810201
0.028920657330280937
0.025724999524289083
0.02487369596017801
0.023190923278181015
0.023075260264662393
0.023243383657950516
0.022223619902899654
0.022293098462045014
0.02225313047423204
0.021475336121324833
0.02124755024518284
0.02163827078380416
0.020861396281731403
0.020989755659909508
0.020424567315153543
0.020555711991193996
0.021330280852407037
0.021013731443594322
0.02073200222321831
0.020128364156841223
0.020250158744117463
0.02083801906626554
0.020232172761515493
0.020420002373704914
0.02052525016053241
0.020528067417394023
0.02064982285605601
0.020409395953077097
0.020320903645242853
0.020913086018340712
0.02073741570467606
0.020057050665823483
0.0199490686300764
0.019496088356646638
0.020595216993561597
0.020052232487861574
0.019940919411866213
0.019463577154870924
0.019577806581951344
0.020244529844272666
0.020165489989990237
0.019517965064429873
0.020005040014369424
0.020499886742511512
0.020146480985318665
0.020143877587746786
0.01991970905178701
0.019763753293377248
0.019571783622097237
0.019747977942294676
0.02001130213728504
0.01948743843692051
0.02002653605489305
0.020065110846342656
0.020361848914640428
0.0201981753767653
0.019609278176433338
0.019521889455207858
0.019918026263807183
0.0201194640967526
0.019883198137366855
0.01937425038308395
0.020373456875259422
0.019387448749024854
0.020447565298611577
0.019987789374942857
0.01977196783653836
0.02002951705026253
0.01948028123015664
0.020056047196195293
0.020172713304858814
0.01984302006796868
0.01972155082533887
0.020155201038598407
0.019720957219920534
0.019708246943771938
0.02055710371240845
0.02026722280318119
0.019578331025014162
0.019797315638312173
0.020310474010751565
0.019893118639111453
0.019706772427270786
0.020739951488607182
0.01916213741333051
0.01966271284407191
0.020259494048467882
0.019625805734293497
0.020403505198060126
0.019810177295027223
0.019889062454758293
0.020032853619598317
0.02011166714527628
