0.2703448340290051
0.13111439476442321
0.09864851593384678
0.0905073311331731
0.08462928946428298
0.07936968987575249
0.0728320024594444
0.06431359329973925
0.05573237254739685
0.05069369781352657
0.044254227749351005
0.040323760180616196
0.0361417958201008
0.03446765006475859
0.03097868092614741
0.028361262845947657
0.02651176530972574
0.0238159785160522
0.02170671863342697
0.0203452050472936
0.018270365685797305
0.016883798618827505
0.01616394791987023
0.014161576790073103
0.013715219008649573
0.013397318467001
0.01269053598409556
0.011758762786291265
0.010962175949128032
0.011057126961355492
0.010576298386346243
0.009591993101604392
0.009361154310100992
0.009605965771671844
0.008760958531810263
0.008797566175246232
0.008436092860919217
0.008465781570206816
0.00783142262723381
0.008138646949666695
0.007887033948829055
0.0077352500541869595
0.007523226368951718
0.007717034512070616
0.00753259526935478
0.00773738667874469
0.007957674387469017
0.0076956479984211686
0.007550124545748782
0.007687415560378215
0.007819359396238982
0.007673730326350191
0.007707885500271951
0.0070686433770886315
0.007496910584324968
0.006754928353812138
0.007189105244369077
0.007566405539543901
0.007026200924659485
0.007109128758337146
0.0073182025745210655
0.006804558514419258
0.007392946638151802
0.006853696051342708
0.007745840965697973
0.006897396443917098
0.007080157959688161
0.0071605304214558555
0.007408505175287402
0.007162450481572739
0.006636473159610805
0.00654644203751466
0.006811292465168111
0.006806774079228097
0.007064056667576692
0.0067932598995637606
0.006680571920562185
0.006780555239207719
0.0069712196182882095
0.006837087016341253
0.007318004543525775
0.006768391291448385
0.006888245052970684
0.006988003313086854
0.006734434227031991
0.006433453306812807
0.006534491860116907
0.006674454666143096
0.007439640947075589
0.006330604602575496
0.006341811484642213
0.006984147672533846
0.0061566817731770595
0.006382674330830161
0.006693981272165598
0.006632689196301678
0.00653612078416244
0.0067765630305125215
0.006618799274890016
0.00721181672691767
0.006723716104197514
