0.4803329230689858
0.2769216867669042
0.1643417862194775
0.10228051266985584
0.07686180736067187
0.06801162294432446
0.06570082080847367
0.061020722879520005
0.06008954236690674
0.05633198923336386
0.05395416878867797
0.05062881302557188
0.050661816030277466
0.04618281541469512
0.044687582307339165
0.040830729955871566
0.040998572180720574
0.03741050234980315
0.035195190521125984
0.03389946217047815
0.03102117878617725
0.02747386374184722
0.02658574995708716
0.025644287659185968
0.023472354546919618
0.02244363113868743
0.020727745983553595
0.019054137531400665
0.018146470414931844
0.01751287144602377
0.016138705759943608
0.015785550520189512
0.01386556399083999
0.01452556266012559
0.01252076030156385
0.01326352737839018
0.013101001345739686
0.012783491179398917
0.010776708424695036
0.011050573587029005
0.010994498724761213
0.009982022942754408
0.00998514275979642
0.00921163950590488
0.00951960963397152
0.009292047919818984
0.00914008206354825
0.008667365367194198
0.008867214530660188
0.008042439690099391
0.008597674609266403
0.008046443493934805
0.00783427903098901
0.007426976989531741
0.0072416960398739814
0.007103610030113129
0.0075849465862663735
0.0073919383251463
0.006879102482899805
0.006597771153962038
0.006644247620193374
0.007129205300705592
0.006580878757113739
0.00695712270380141
0.006694615150504747
0.006067267428412539
0.00621725018714344
0.006576519062384202
0.006515266931156921
0.00592373657745109
0.00576276639388496
0.005573246183210027
0.005985758369275433
0.005879460396311354
0.005951580835095865
0.005453758115162261
0.005468724081116457
0.005864488277203844
0.0056536549556968725
0.0055769431857076186
0.005238294468395303
0.005576266114806194
0.005514564688878627
0.005679784279032509
0.005242265503912277
0.005461653800983874
0.004693637779572052
0.005153952783517573
0.005484575914464428
0.005058074837008993
0.005126499108465593
0.005035145291447992
0.0050229437096208605
0.005071246305799955
0.005096885904998845
0.005166577592529588
0.0051169893308560584
0.0048748055953073
0.005095545600030254
0.004890998128440115
0.004727567742037915
