0.2179346842539678
0.1483196767550582
0.11737989192907217
0.10591313746178416
0.10226582235843208
0.0922209837391804
0.08961770061225348
0.0804094362350942
0.07669899410590102
0.0698023086259128
0.0638017201050349
0.056262407112434236
0.05142424905977447
0.04603115139604677
0.03984872608315554
0.03536034660341892
0.031149541618239154
0.02798498162275501
0.024875340372319824
0.021190447287326077
0.019437022690121222
0.01832773596848978
0.016193409523580327
0.014861686929502835
0.014227995659243483
0.012948785088739943
0.01216630992552075
0.011846889474393866
0.010931659048090512
0.010907060291711576
0.009916263291370572
0.009495643171591446
0.009601698445140635
0.008432545300300154
0.00908842473734394
0.008425149409046935
0.0077817115865216275
0.007716551946343616
0.007738856029783864
0.00802487956492341
0.0071613033237171875
0.007377621385471454
0.006811459939737824
0.006966987872779719
0.007232816000874925
0.006918077974783075
0.006700021438053576
0.006687416579547131
0.006620511585828908
0.00589766722847208
0.006183838236094523
0.006138439806209386
0.006184377063864289
0.006619659450472444
0.005766940053533966
0.005474159331555198
0.0054208285834521095
0.005794023469885324
0.005877272801544343
0.0052153161153674805
0.005347433110402105
0.005787304299192531
0.005388820387166581
0.00521662650066741
0.005487845953716558
0.004839435536495799
0.005323883793729913
0.00562976642388624
0.005767898244989152
0.00527550729914046
0.005145884565574518
0.004699579677511244
0.0050053792432037105
0.004836915528250874
0.004918651956528073
0.004397753989377394
0.00472145790444591
0.004447978514174616
0.004318222457555704
0.004462477884609233
0.004602976758169074
0.004403069168116465
0.004721535818905682
0.004352026209919587
0.00465530115612915
0.004584441023701743
0.004756495165556445
0.004656652089494347
0.004256567166868514
0.0043403917264665795
0.004190150648966871
0.004337195713208633
0.0041580741265257164
0.004519951391708789
0.003925827535456407
0.004315389887467594
0.00451292882058636
0.00417767403874985
0.003879632471295428
0.0049897493656639496
0.0039866137636912595
