0.20216609142437017
0.09390856960158572
0.07701425943207726
0.06430717057870783
0.062446893074996276
0.059888696386065254
0.059484005248343276
0.057489595025575324
0.05448870708654936
0.05478630709573546
0.05286721931473326
0.04807967269237564
0.0487523706857027
0.04820344352692479
0.04727013798924887
0.04329557252337269
0.042820852416327354
0.04068386204111823
0.038244847145816836
0.03628239974839612
0.03507487271984443
0.0339085595650004
0.02993647819757212
0.03147644690048707
0.030183416912524755
0.026680466372433494
0.02629335774453212
0.02575844813210688
0.023701498751557467
0.022809149723727325
0.022183462819285522
0.021367973752081378
0.019854576839308385
0.01975663622903298
0.01973693599505873
0.018399823886373175
0.01835806637429421
0.019706865868869855
0.01723529730334556
0.017025459627794424
0.019021613095779034
0.01635637427360458
0.01786356705357292
0.016529142456279802
0.016332763148301392
0.015275747218108439
0.016124533138609277
0.016841618870603422
0.01640926858959191
0.016907355731583227
0.01616307729451461
0.017231421566959358
0.016392944293429013
0.017037434811980497
0.017540320673666034
0.016339301085562304
0.016263621542238194
0.01626050453365752
0.015604708356957028
0.015149988319654648
0.015578467173585882
0.01668770604362602
0.016084636641392296
0.015347752773269942
0.016041984391560744
0.016297015202799407
0.015534588463097384
0.016758726521390304
0.016067061950428143
0.015165660102382014
0.015153254756105341
0.01586306730342238
0.01620534930256375
0.015449949564019032
0.014947933763829854
0.015182377454119296
0.015315618293710264
0.014694940059551808
0.015258104045288219
0.01607164751517144
0.015155244991156605
0.015074144985152908
0.01568237736674808
0.01567556689687913
0.015114518130288674
0.01542875603572221
0.015260455413827936
0.014330838981021783
0.015510260677006534
0.013928991833829814
0.01673714067275762
0.015305649136799084
0.014162600320992735
0.014643264869973789
0.013018040751522061
0.014623552797571849
0.015014868710685714
0.016650654132857563
0.015111943672333551
0.015471307419341907
0.016365061330967174
