0.1903806241259605
0.11731763260305766
0.09168355994195533
0.08891043455346985
0.078511642302446
0.07604960529179584
0.06525424943008355
0.05807046431896107
0.051994652725686055
0.048128205497275464
0.044136656901973985
0.04071050269906298
0.037595332476902464
0.0354825444829305
0.03410297553791217
0.030514235653029367
0.029318783734960205
0.027469279215032522
0.026119924667215126
0.024037147650710793
0.02396855898958947
0.022304947757166863
0.020506265555286125
0.020986994591630035
0.02011148847060956
0.020189000810721665
0.017961546916884272
0.018353738804132387
0.01801584399388557
0.018624091602870357
0.018729364281616548
0.01754520676019687
0.017911925989590013
0.01668523576577376
0.01699758697050643
0.017080456896609385
0.016828331114768367
0.017324643000157732
0.016615969096753395
0.016284719010138407
0.01627899452248868
0.01723753854606226
0.01638116368976862
0.016077352772794026
0.016739861918410353
0.016222008444511837
0.01598015667786278
0.01609396281688277
0.016762946171003424
0.01601053375909162
0.016517096032446457
0.01663413277210479
0.0162299027313287
0.016397329469759917
0.014956908230675263
0.016365669325725116
0.016892010362553063
0.01601479268313975
0.01669386130394714
0.016633959796139713
0.016357925629665895
0.01639492646319552
0.01601248539552501
0.016514871772182218
0.01639993572324875
0.015404080432262872
0.015773680194234235
0.015637402293822385
0.01726445805805356
0.016547393434257342
0.01690711827151582
0.016065182745590913
0.016268630584973857
0.016441966025897346
0.015634559216220173
0.015985006333211663
0.016747426519446346
0.015565275643587203
0.015881612261004967
0.015981663718866182
0.01549067452481563
0.016270018041248595
0.01665339849731639
0.015654457036892704
0.016281759529842215
0.015803517951473715
0.016475269181248905
0.01662502564196554
0.015336860223074669
0.016516522276075283
0.01569443084012057
0.01664685734502442
0.01668217689636688
0.015937945178601944
0.015930614558732577
0.0158745392224338
0.016576702896838217
0.016090456418441437
0.016194032376746
0.01643993948313163
0.015787108093724384
