0.24788329472620962
0.17094283057844586
0.12226781998659579
0.08901503109469491
0.06943319516478676
0.05618405720810835
0.04582094006659603
0.038947275840784626
0.032093828391650946
0.026720530402955214
0.02283820238574558
0.019733000465940526
0.017936472539703915
0.015830978460469998
0.015065867512561367
0.013318280744841728
0.013725809279667898
0.014048378554812111
0.013662128135883892
0.012971824842436672
0.013676227969892653
0.013921131588761479
0.013286268741212791
0.012788390192855473
0.014550934949566616
0.013885377598535819
0.013900623538481038
0.013076228834845013
0.012884507053525137
0.01326355052471194
0.01330054056244174
0.01396903116178326
0.012539673268031867
0.013777878142498574
0.012896572142533523
0.013287667400920945
0.012646555822136828
0.013063399019384688
0.013349849110131507
0.013131422836306094
0.013587051044976399
0.01317679743504426
0.012963288615435402
0.013359475558011103
0.013930384801259165
0.013914732345308089
0.013329807295017947
0.013251153262148818
0.0129160857123319
0.012971008441677244
0.012954666742661726
0.013160744146913548
0.01285487176928659
0.012656234052523974
0.013640095253541314
0.01301014936806868
0.013340217788810439
0.013279609986806619
0.014007068161237838
0.014001918270817697
0.012889698280878477
0.013524685123417014
0.012847385108708429
0.013152890673486949
0.013378956437967366
0.013071321730609308
0.013759428953600642
0.012798388370658442
0.013518384524520512
0.013139276981388951
0.013292371678033195
0.013316458356714625
0.013478366314237914
0.013149632561072142
0.01407000194482183
0.013236968016831286
0.013166039972962255
0.01328549348360356
0.013488814527042014
0.014078947457327433
0.012790087152461906
0.01273656482353412
0.01259863831783219
0.0130877117884279
0.01330512483714117
0.013850540058550607
0.014502551435424726
0.012617739166971245
0.013272248937490898
0.014185927497177696
0.01313206703572054
0.013600037057423466
0.012862682652600288
0.01301536549786522
0.013502247116898137
0.013693280244814143
0.012500408463193717
0.013023012898144896
0.013774872810721686
0.013423068768476033
0.013595968021366471
