0.23401460307148425
0.16561096574466994
0.12556359481733223
0.11229787871222231
0.10986933621130285
0.10754250563605375
0.106895422877528
0.10770819404503783
0.10513087399112718
0.10609534094723073
0.10635526170131354
0.10661038164860957
0.10594681797326266
0.10803315509875734
0.10560161497009134
0.10730734837061245
0.10560666529262096
0.10636743643889676
0.10721973645737456
0.10613694993952473
0.10756006270873855
0.10730300834244294
0.10563850593918701
0.10707785543092052
0.10566542975385967
0.10674233920846647
0.1070311527936825
0.10682869713707653
0.10574975807872565
0.10826842530133343
0.1050692505211784
0.10659241807864966
0.10585842865365376
0.10727982155806393
0.10481155761928675
0.10878259134395926
0.10545746584156923
0.10460722718605465
0.1057518086110389
0.10629887840176178
0.10641169011534739
0.10439383788172597
0.10717562374894837
0.10711583212353165
0.1068302709948717
0.10615244329195463
0.10417441104628976
0.10688969067917392
0.10570200221360793
0.10687617781282611
0.10614237039661392
0.10747525127995762
0.10759207489424921
0.10733384291813824
0.10929423038442171
0.10464545078246455
0.10701232729972922
0.10530719849069384
0.10447088175697467
0.1068862039505683
0.10523790501784391
0.10656287075070221
0.10676572811358956
0.10614313610481954
0.1052702273939489
0.10561973171966307
0.10745694034808577
0.10843361220014806
0.10758432184807275
0.10621082875971805
0.10686733941898946
0.10545299437798884
0.10620279729637903
0.10477181787460055
0.10606628665204355
0.10525602001694573
0.10662093325163521
0.1059547349605826
0.1060582119758965
0.10594246376765903
0.10691021229223573
0.10748363050705484
0.10567688341220671
0.10487612162704094
0.10536929717170844
0.10580257181859436
0.1056905058904667
0.10632401922012462
0.10605136878655017
0.10718820564639354
0.10506018016582172
0.10494521825392696
0.10625234201083351
0.10680319029099763
0.10674030597520312
0.1078255940878371
0.10778005692173441
0.10508525738988599
0.10633597527158371
0.10732714490427332
0.10587960940152233
