0.16996936349496836
0.09112736925200389
0.07086440777484915
0.06480196711661651
0.059029430522858695
0.05628569546645079
0.05633361995777365
0.04817103209064814
0.047269868984326315
0.04162258633085739
0.040404033064839556
0.03789341036236636
0.03530022489611703
0.03434114899929924
0.031133161084603487
0.02771568824152774
0.026245300539332193
0.025376141598821404
0.02415778692446297
0.021895141249504504
0.02023482916658772
0.01974027952913376
0.019332163485703817
0.018117866717667314
0.017131838160813158
0.015414896600418759
0.014799839689670675
0.01330235206234293
0.015092989634161991
0.013480600417346444
0.012609850902675364
0.012271148401747037
0.011859265556117339
0.011818983358231698
0.010442024332605028
0.009263649890693736
0.010665423002984025
0.00953551553757943
0.009180749644392153
0.008505126114083992
0.008761676446113123
0.00873267497941769
0.007908089781306523
0.008255568295966674
0.00784084985701858
0.007444046799571437
0.007611447546401571
0.007080129141668968
0.00679879774916865
0.006622110433377876
0.0069876419362146025
0.006770966169083113
0.00653886888901067
0.006747300849405038
0.0061834052314209305
0.0062945273446033305
0.0063330189391069885
0.0066500216819559655
0.00644070141715849
0.0060409716671349315
0.006087711718907766
0.0059316776737926725
0.006176510247530324
0.006445274848672816
0.0062746142832737556
0.005790630926979694
0.0061130968628967655
0.005711153663438863
0.006013579570568954
0.005896022710046154
0.005756000073795358
0.005729483998775196
0.005608500592463252
0.005654816950349262
0.005810254593364351
0.005740336113782267
0.0059244180522997
0.0057759117327184145
0.005977593160773453
0.005359800339687193
0.005760017391082475
0.005940516328644762
0.005420560637557714
0.006101507529500639
0.0058117963313086335
0.006016329929848414
0.005302491399488789
0.005574166819179705
0.005329771042579957
0.006205946772826838
0.005368078612938139
0.0053826101573775246
0.005483738775983563
0.005840346121462092
0.005288113808111695
0.00501236239170895
0.005672596969906095
0.005621634061551224
0.0057579040586329166
0.005419247581786884
0.005713646992137079
