0.21110074198686704
0.13254700522378865
0.10353048126564485
0.09298830851106514
0.08696890125011854
0.07949112585415168
0.07245661032282881
0.06567383164081503
0.056398044112157646
0.05080176746629269
0.04474281386822637
0.04249804302689068
0.038604844392900704
0.034915337895538856
0.03161471641303614
0.02981746871511118
0.02688289586334053
0.025128182701001853
0.0240518469278363
0.02266559238663968
0.019316591107294973
0.019458793004388686
0.017688142433892377
0.01609302529161569
0.015153550439380645
0.014911539006668882
0.013312980125821794
0.012620886492653834
0.011927627253557423
0.011638781177419167
0.010944646614344798
0.011005457822485765
0.010201530767689718
0.009805959086746254
0.009352591501528658
0.009259014309835913
0.008839566775132186
0.008188582928034713
0.008139353898978775
0.008155876061255821
0.00859117699842138
0.007876885012892564
0.008078171463761132
0.007810401230554049
0.007554102977135769
0.007559066459629831
0.007193431423494486
0.006681789395359979
0.007453334914930749
0.006759816848110747
0.006669682104533486
0.006179925726938427
0.006461425898513696
0.006568739840065435
0.006846625532663708
0.0061966334355680825
0.006356933488202427
0.006689822251972273
0.006360131510761254
0.006632301847161998
0.0058243850841521935
0.006126882044157883
0.006139573147693426
0.006178276765660591
0.006187944645178795
0.005939179053651935
0.006196678518942857
0.005798850144127083
0.006161042633989015
0.005574527595882037
0.00613098885961349
0.005754973510787679
0.005763222967392468
0.0059173814622285005
0.006190455517383253
0.005839009990858483
0.005413789075943352
0.006095595920647524
0.005805012550935238
0.005720723903877242
0.005997578450230499
0.005741514907800519
0.005466748376206067
0.005879617864708235
0.005671917251244026
0.006039828692558736
0.005705634569112765
0.005847173233728899
0.00632761577627094
0.005728916980893581
0.005466350347857136
0.005655133351461657
0.006079474375646416
0.005485553513639212
0.005634566198615776
0.005500719557837057
0.005905117551037135
0.005913886905048737
0.005734687092814041
0.005954531454466085
0.00570318961457328
