0.8066469895059052
0.6628439923054613
0.5300440172438938
0.42679198670146096
0.3354646722816597
0.27141111969446213
0.20601686981416506
0.16249775555046303
0.12470051073411036
0.10009129444166093
0.08742039718942042
0.07634260870018729
0.06515290000045616
0.062016518493634425
0.05691854809559156
0.0542281780165818
0.048666100503922054
0.04668609942339105
0.0422505391700907
0.03971684360733057
0.03547479019939188
0.033191492336362934
0.030963039041791266
0.029499268380392882
0.02687777238113462
0.025101815129640985
0.02389799894360793
0.022367680267749174
0.020698972385229258
0.02041644252743528
0.01994919576754162
0.01895410951553614
0.018888905600712658
0.01877683242609383
0.018304703108209454
0.018134910309720916
0.01826326526301062
0.01851777634694704
0.017745856608712002
0.01781295225435502
0.018081415544380305
0.018195003687647985
0.01727359309581245
0.017752895058924408
0.018331287319659374
0.01765446098955117
0.018117666966451892
0.017029771154638516
0.017645731872584877
0.017375395436558114
0.017524018906733472
0.01769726579438683
0.01852079072444178
0.01767848250641851
0.018352067878809233
0.017138579950400523
0.017580262890860402
0.01807877665630465
0.017877209658816316
0.017739679220971066
0.01737906633659513
0.017602848946480985
0.01809135709264679
0.018062977798197818
0.01767060400301701
0.01747294181425856
0.017479319748423854
0.01736716971370368
0.017870460271753204
0.017525179517015432
0.01792367492312546
0.017575875329470945
0.01772967114443283
0.017846845270224225
0.01733256679821287
0.01777766209589666
0.017967326245088178
0.017596117381052264
0.017807985375038287
0.01753239572444438
0.017474450078530074
0.017725741611477105
0.01747526717181955
0.017243671079468455
0.0180609868519315
0.017073251131067384
0.018086823971547508
0.01728966836777949
0.017444097935254362
0.017805483486564775
0.017315084946940132
0.01713117277228452
0.017551907244188095
0.017198182199437202
0.017676730824773973
0.018029754802951766
0.017393958044152842
0.01749496768564667
0.018065301776351447
0.01744015577951727
0.017841859902958952
