0.230802837458745
0.12502589707760847
0.0827401645614609
0.07740483821169197
0.06808164846707314
0.06082640138716169
0.05248273207202616
0.04531623629113478
0.04054012008883881
0.03591668552553017
0.033791703800149335
0.030893400700148795
0.02887426718191348
0.028578337877671518
0.027303580950275026
0.025830884379918435
0.024464590953545345
0.024084582826232496
0.02237542872490765
0.022169515010568394
0.0209987381677304
0.020462756062618735
0.019361723096960687
0.01943590576148598
0.018780481560949053
0.015998586363256476
0.017571462277205224
0.016114983962639523
0.01665851989184155
0.015462456773386413
0.015617406409546144
0.014506030316671095
0.013509216265355761
0.014368168525648602
0.013596120703685374
0.012919631392175581
0.013827013861000036
0.012450134107383246
0.012188239112276511
0.011588195915522207
0.011182540930026016
0.011431536281307896
0.010753179174498617
0.010870398597196643
0.010119358643604134
0.010421006588079028
0.010504888683920329
0.01008694341159
0.010585406598234228
0.010560267896285449
0.010016555563410254
0.009379320974171705
0.009221566138731855
0.009496006729838958
0.00967731167073814
0.00983252812258426
0.01030902310080081
0.009649297909382001
0.009119234002955435
0.00844195755667938
0.010413706869535414
0.010107446940357137
0.009436984179099746
0.00943505599079434
0.00868811859981915
0.009352502984849478
0.009361468109064804
0.009526657966255962
0.008121460998344295
0.008039821282865296
0.00818171781481331
0.009136911899735608
0.009904434795067165
0.009695361908057091
0.00863882738561432
0.00848802085881797
0.009264460494020736
0.01006292520399162
0.01064542467153771
0.008270517501385626
0.008841727766816718
0.008858214450765591
0.008840270413154853
0.008874429798928865
0.008972325105045227
0.00882050130959076
0.008000742135611203
0.009855233820814232
0.008213175834928138
0.00806015718868378
0.00923018320712574
0.008965478604953139
0.00964361018272393
0.00892172954900405
0.009787430081285764
0.00888143009276727
0.009898725958978939
0.0094543687636401
0.008254202373541785
0.008941128687583707
0.0088527412634273
