0.23899837575443747
0.18224781813764182
0.13557876051984621
0.09873359115426245
0.07422740987972538
0.059407587720097924
0.04965319459528018
0.04333622197330053
0.038906938935421284
0.0347333754731045
0.031017721763462697
0.02794754210684625
0.025119121779275198
0.02332506192757749
0.02077530456015593
0.019229659350966096
0.017962463514843884
0.01792690173456443
0.016593099059589764
0.016597928910194078
0.01585675723859348
0.015973909312416264
0.01582651880965728
0.015821065438395485
0.016716699088719762
0.01589401916353149
0.01554722841652584
0.015182119464070946
0.015687940410995898
0.015358102195420494
0.01581568042038992
0.016068599848062082
0.015385199028704635
0.015773597735463257
0.01517529980539438
0.015105948075561317
0.015519839258066059
0.016487726988467122
0.016334030616662314
0.01546810229063886
0.015742370261056658
0.015887593116976226
0.015585411583011077
0.0161190562009301
0.015351004492035095
0.014808175588283304
0.015766637155539297
0.016355401387532654
0.015659345102367512
0.015869994579980142
0.01583864329815889
0.015787122989322472
0.01576569686245734
0.01597577941954609
0.017297488585686256
0.016098452009103235
0.016095994304433828
0.015107377347590923
0.015241213860018232
0.01514939736331796
0.015351080566267099
0.014985520203535734
0.014868505896333747
0.016910267687856303
0.015780486951959775
0.015675158840151162
0.01582733453932342
0.01638527791537191
0.016090946371423675
0.015639449678801057
0.015962340262467737
0.015391925955656856
0.016668497019521073
0.01647812110784664
0.015567154840316262
0.016368717842166234
0.0155399369852853
0.015459751477683878
0.015773170863000882
0.014958103629114388
0.015931122024818084
0.015606835678064914
0.016102026146019095
0.016040726063059806
0.016234815020591434
0.015522066242890634
0.015160757426266089
0.015497229387019688
0.015255944486602875
0.016454084372661666
0.015379714902616306
0.016378800801222705
0.016528307192745825
0.014960435160931821
0.01563693247646682
0.015575169833030988
0.015987391785739994
0.015512490586922466
0.015756458926106106
0.0163817560052479
0.015635366248107383
