0.15349969242871347
0.11553672354308026
0.09358156417120508
0.08285716951910091
0.07356624832544353
0.06451359721478839
0.057171320390450746
0.04986778770809381
0.04439726104455031
0.038024240329694356
0.03430184634227993
0.03073698484602731
0.028159267936174785
0.025888259748585177
0.023612457126792975
0.024452188028312158
0.022942703059722583
0.023413845180629736
0.02342405884601833
0.023147542246917414
0.023178986637150303
0.022844914769236575
0.023690847885368474
0.023518156401207902
0.0237590803555142
0.023619523391620396
0.02327737312341107
0.024526417959215546
0.023887646681082505
0.023132625003119082
0.022789766155093108
0.024338788491722406
0.023827099348107558
0.02292717176045516
0.023199987905507296
0.024009836495134197
0.02313476602262904
0.022953249850073475
0.023368071735020816
0.022877236573053624
0.023519323145925617
0.023424548056891308
0.022690827432407946
0.023544060181306125
0.023249639292935442
0.022213550854577848
0.023026639852244714
0.022689442031156342
0.022775766091287435
0.02318057101196761
0.023366826782088405
