0.2611409283222358
0.17919593648343085
0.13012958664159288
0.10564632348927831
0.0976231273092166
0.09607433448798532
0.09371779739686227
0.09299593871411259
0.09391153472961855
0.09580773218060273
0.09568545224567687
0.09543948379194554
0.09567825928595229
0.09748693305529785
0.09404476030009691
0.09488746178407216
0.09492995148136954
0.0939517739269222
0.09429281400682862
0.09458968905509117
0.09324351844094236
0.0939453333309421
0.09546416050839605
0.09538296448730195
0.09706315290705222
0.09281801796718465
0.09295886480266313
0.09380413724022063
0.09527271422726596
0.09179878758261814
0.09547870543617482
0.09670428184284834
0.09356110738928605
0.09449987461385528
0.09325389764645375
0.09500514668388688
0.09581147766476532
0.09551293903687877
0.09738966759225388
0.09508723193375691
0.09569171806790962
0.09262234345031163
0.0935563804313445
0.09444739439282725
0.09490317289322413
0.09413786108877849
0.09610106709359982
0.09251823315390358
0.09463217923143569
0.09426692180685062
0.09351259062068598
0.09516819943885071
0.09301393058637741
0.09482330467019973
0.09694815199419136
0.0958370615456874
0.09506451573865002
0.09682446393101839
0.09281488551354933
0.09499629957694601
0.09458033948417678
0.09380273116242172
0.0953088839336076
0.09394357041269255
0.09523269545177178
0.09636612890144838
0.09381911210787332
0.09704926590931502
0.09623358779816854
0.09610528847556886
0.09319540469577729
0.09496849173787213
0.09754068990431272
0.0953983131957002
0.09529483275341016
0.09443974270398703
0.09549192986615518
0.0944441389765902
0.09596613145566717
0.09267962024325344
0.09289302876740255
0.0945192020541973
0.09580297567272753
0.09649005432593041
0.09568076696289607
0.09450419014962488
0.09493947113758602
0.09602710043981295
0.09484120981995688
0.09521033506289382
0.096125299823273
0.09403208879488474
0.09591209383709723
0.09664959068107438
0.09611823959495466
0.09464449126829272
0.09428157526873739
0.09708225882988163
0.09317012503673888
0.0945857043418038
0.09576875781918272
