0.23511659860536047
0.11822473371588588
0.09653264032423205
0.08868747197139586
0.08094034607110405
0.07290403190522358
0.06613060702592294
0.055097373459662466
0.04750383461303842
0.040927717477428606
0.036110831325425245
0.03426929264337301
0.03068867327262375
0.028545442542313764
0.026608017104049506
0.025245920009528088
0.02306110676317579
0.021282844394085468
0.01873341825276115
0.01925326666635578
0.018403311815281855
0.017254367939648043
0.017096833012463727
0.015753009165690005
0.016338881124859893
0.015535596515944296
0.014908391244382101
0.015340265112335412
0.014901011482858311
0.013765091376207272
0.014680382068581565
0.013532837670635052
0.013610369690029937
0.014685031447493212
0.014394827237274574
0.013440732124007301
0.014258022674791768
0.013056104630811709
0.013371783657333916
0.013059804047051829
0.013676409941282028
0.01392081956080858
0.01429645891878573
0.014506916610343349
0.012989367569437872
0.013224807278971231
0.01401218608358594
0.013119643678327698
0.012732552582597749
0.013648199410625703
0.014314860069964222
