0.9087824745686136
0.8209626050706299
0.7413420227515358
0.6531097393073007
0.5859429740360306
0.5074444238159247
0.4363080227663825
0.36041673097958526
0.2883816944599483
0.23132993756194017
0.17881073838173808
0.14487544867014812
0.11568664611414672
0.09430906148155742
0.08147750969566266
0.07192347768206599
0.06497138024294936
0.0579820227416473
0.05064931764519997
0.04475750811636737
0.04044357400320006
0.03667656705333617
0.03340663419290067
0.030870036919014198
0.0278372603276775
0.026181558385060665
0.02326219280405557
0.02314288698987154
0.02242676756251991
0.021317066847159113
0.021844283411598338
0.022540956228340143
0.02140034286693373
0.022244817731736585
0.02001913399822202
0.021172102593263315
0.02097647914883214
0.0208656938873258
0.021505336569284265
0.02141958991541432
0.02212359237996757
0.02031100231948318
0.021821086667998566
0.019948961792595168
0.021730681147072967
0.021458192294891387
0.021848090870707697
0.023322317308608592
0.022630223600455857
0.021327893111873965
0.021071260995840464
0.021425467664874985
0.020620230732256675
0.02123057119766211
0.021704436345711325
0.021061075533034823
0.021233999389873578
0.022170205832147745
0.02177044395002675
0.022338546429944012
0.020221231403194668
0.021035568807198715
0.020863639900840045
0.021121537454001915
0.021457588625792876
0.020269669113865935
0.020874427936585675
0.020480991701317466
0.021164989854695112
0.021438704720215696
0.022324729457065092
0.022064469097919592
0.022732233720157438
0.02124163562697656
0.020817847633544898
0.021950162178227445
0.02097203071472095
0.021203378331393824
0.021963764125908523
0.020536617853761745
0.020547670638863137
0.02158656954569666
0.020129544819754493
0.02278702901114815
0.023867420640186005
0.021052347889239154
0.0216330928125105
0.02092701145052454
0.022942152286042437
0.020955483577986978
0.021084745545394374
0.022897084944155884
0.021701797281857466
0.02271499060373852
0.02127469937254742
0.022170035166130565
0.02169005592407439
0.02103363419093596
0.02219768219076737
0.02163919449936044
0.021102369713920856
