0.10137497154286876
0.06663533908481259
0.05323849063278115
0.045253598965666594
0.03731541934477708
0.030531785207026582
0.023655455976585915
0.0192960875903666
0.01601492524808882
0.013272207280134223
0.011765960235461411
0.011064331577889663
0.010172680816384816
0.008817167016079977
0.008555666438716476
0.008051443946577289
0.007538387816762344
0.007661611104556674
0.00764065853709402
0.00789593444054045
0.007005048226879427
0.007009913458939239
0.006574800546155947
0.0067676868544114975
0.007263603400375545
0.006338019417376025
0.00673606848099935
0.0069055436424581285
0.00672071949909514
0.006296440575706057
0.007064498681265193
0.006675176199417888
0.006496928438290693
0.006691998501768882
0.006498100043034313
0.007438802318544389
0.0062510680547317185
0.006696393328853113
0.0066703520846819195
0.0065414689600842004
0.006066871847724236
0.0066249541917891615
0.006460499274742877
0.006691883190201203
0.005661352095298311
0.0061987590334026945
0.006271523507038829
0.006180208016566237
0.00681974496970932
0.005919458932169301
0.005971189378227805
0.006406897734924392
0.005752395280992099
0.0054793147978221554
0.006183513583426842
0.006157750544294084
0.005885165375104739
0.005819732029753542
0.005754817747654796
0.006033064018769031
0.005801418591303187
0.0059640098087944855
0.005846591347896744
0.005278242287332037
0.005021015283554116
0.00615652328925146
0.0061657048303877015
0.005923263777773235
0.0058041696512501914
0.005408111789920006
0.00578594727220534
0.006068908780856117
0.005853934149667069
0.005839983028006572
0.005697044124663468
0.0062990896880549254
0.0060972740533230384
0.005686204480902417
0.006447141717465066
0.005797428450439618
0.00616609029790771
0.005696577471167197
0.005319354001107381
0.005423054851018573
0.005975048644766228
0.005959346025273891
0.0053507426546766865
0.005407329510996101
0.005454293304072288
0.005318644270748685
0.0056654016105446015
0.006218670241398755
0.005796701486137292
0.00558995570080647
0.005542491219311377
0.005748557483299527
0.005348757112031568
0.00604394558109695
0.005717152830406241
0.00560319656359591
0.006183759531927058
