0.07580583844491387
0.055365193445881006
0.042970074962217115
0.032963463053382804
0.027615513767796813
0.023397108841791785
0.020970280398764626
0.020148314819676088
0.018069501035029845
0.016803188983783884
0.016412554071242983
0.015113122882311338
0.014069802887299941
0.013303998535879
0.012200497306707313
0.012454343076926912
0.011940532932502067
0.012293056358801511
0.0109937450648642
0.0109187120039422
0.011373453739416993
0.010830570571456267
0.011195613859264335
0.011035178444962976
0.010560797221567766
0.010562629879269052
0.010563979258615332
0.010448887683539911
0.010288957416781333
0.010912578791220665
0.010322154786243376
0.010493137575155477
0.010288636498125552
0.009780859302400116
0.009770900902448807
0.010874677654442248
0.01031376299024018
0.00996865225523897
0.00986349997594974
0.010284371138765154
0.009991281315502719
0.010119992464758575
0.009641086177626657
0.009829400294380944
0.010434150174800025
0.010271339782798818
0.009424833449673006
0.010439199561208153
0.010290233830983833
0.010326647595692764
0.009204238299486163
0.010214008123906231
0.009786531184054918
0.01004884012999911
0.009529996824589125
0.009812084190334434
0.009512664707789555
0.010155346915993188
0.009649313644044004
0.010202682029871879
0.009985627101321051
0.009409930922546276
0.010057175171915154
0.009690846087039306
0.010738810585019172
0.009816674007092286
0.009757954675174466
0.010242923281878721
0.010076107925865243
0.01012628394033348
0.010015969741786425
0.01022305359144092
0.009962092730325665
0.010239326074967013
0.009605094035137847
0.009570646556079983
0.009944554362875576
0.01024931591415175
0.009613484413649863
0.01011956435048794
0.010159793965779708
0.010278544979649914
0.00967537567757046
0.009890493887662812
0.009493996896439164
0.009893567153672112
0.010207698052910677
0.009767095722932086
0.009945230351247494
0.00949035926674117
0.010024937349082766
0.00950577847738576
0.00983744990863861
0.009621628334124003
0.009874133505853918
0.009720750764801375
0.010275814127570157
0.010540234512640008
0.010344970322382971
0.009316589485563506
0.009775907933154296
