0.08657915557957328
0.08084065975293907
0.06939301589392194
0.0640524830587845
0.06365638731134579
0.05718982646092635
0.0555768407014711
0.05173618099428788
0.04530793147573028
0.043432114580991985
0.04201200145179048
0.039376367657561
0.038400138293561877
0.03574647137524306
0.034593780269781896
0.03278666240873429
0.0309947808517838
0.030332486163690924
0.027340456144815187
0.027070603110287042
0.02451080208416701
0.02402275985738169
0.022631358250696374
0.021272139385038105
0.019575912682096134
0.020827263372956997
0.01914557616009796
0.017688707900804474
0.0184594475068827
0.017342776409712678
0.016393089436377534
0.01590461405189067
0.01583809933232688
0.01550526700203453
0.013817852964532286
0.014684074688058142
0.015223116093876884
0.014742907279522195
0.014274949594727084
0.013178090079199596
0.014024431980910548
0.013822647689013225
0.013251277695039886
0.013271701944050708
0.012402377283348583
0.012274205992764051
0.012444344933806585
0.01301462095895752
0.012774882835495823
0.011599151818283708
0.013684715862270143
0.012753319322350487
0.011828378289091149
0.011647236075768664
0.012736818990091346
0.011765789201897643
0.011708768825455289
0.012819103149878948
0.01263163421441442
0.012205007832655058
0.012960543767957076
0.012340969184613979
0.011552938728615039
0.011903964851104938
0.012729900416913163
0.01124362364082149
0.011659755574595646
0.010773448475635094
0.01181650838625716
0.011238955222887918
0.011839849549197265
0.01178151336643815
0.012013058132400336
0.011306496200327839
0.011693386064346504
0.011982980240448759
0.012169504360298254
0.011661936480746767
0.010701445664015131
0.011340797850736325
0.011989585967082059
0.011195164447385521
0.011267330819037693
0.010768992283243375
0.010847696590743963
0.012351086452189049
0.01128736483463466
0.010452739761476783
0.010589224265481909
0.010647769195951074
0.011484261121105621
0.011645522267571193
0.011522320681169592
0.011035370537288584
0.010774653656051252
0.010448324362376353
0.010517807740447756
0.010579998645556789
0.010679920352735094
0.010709250492858103
0.010491332508949363
