0.22483561332713517
0.13503652329237115
0.10675175609730021
0.10016664316818871
0.0970548444143106
0.09175118730624415
0.08729265614539254
0.07994330852669036
0.07329199734442096
0.0656806678053543
0.057246607844899516
0.04863253520545262
0.04087428766544779
0.03397541151113756
0.028060439253937475
0.02350107654269761
0.020437857225454225
0.01860215477425528
0.017420584618051647
0.01740811485408234
0.016862581982759577
0.017223368917666435
0.01682137228631054
0.016891960112080898
0.017228480070194074
0.01741704496181754
0.017333218165040677
0.01729607260291722
0.016829785167527016
0.016857125309013725
0.017446810815276177
0.017295996681279784
0.017245307857609585
0.016812510807292014
0.016755415466439615
0.01683734022927793
0.016833760872420608
0.0168093891538234
0.01676805913610656
0.0170487564500828
0.016794494506495918
0.01721152412327523
0.016879474549141394
0.016951436870562886
0.01734695730470606
0.01683009636368199
0.016721987601851555
0.01712687967046211
0.016938010197689243
0.017326957225246437
0.017184605338783597
