0.5204123657796059
0.3098183249046536
0.12606940829536187
0.06260004839100246
0.053539281056732835
0.047878111959049334
0.04267720290506886
0.03777812829493391
0.03430748419234741
0.030280824732718467
0.028042134495299704
0.024255362439359794
0.023168855334005947
0.021135240203321755
0.019967133250040854
0.019271199238244052
0.01847064356036134
0.017136222760830003
0.016561648231690488
0.01642973142753179
0.015913066602174602
0.015769934845791114
0.014277671155786854
0.013163846809367639
0.013419013399598499
0.013754219101814498
0.0140873408385738
0.01304524262179425
0.012472010327238138
0.01267739729099986
0.012563544150951936
0.011891673349704023
0.0113488910014815
0.012246736496703346
0.01144499440061143
0.01171334876152623
0.011080140264118073
0.012474303517162904
0.012080304652043072
0.010676114598856371
0.010628993342417518
0.010548374772139681
0.01073606103257811
0.01084228675909571
0.011448844471463855
0.010015967506813094
0.010954890480103592
0.010239989509194568
0.010496060101939694
0.010758931472966957
0.010887739805303002
0.010357788289615769
0.010722379081586523
0.009798604223550075
0.010388806438532208
0.010855173242326818
0.011350808767746814
0.010194451801447464
0.010199374300221288
0.010190057257324405
0.009791776655225574
0.010142190004452
0.010447623731240504
0.01019751978145596
0.010237646617069758
0.010205737578024912
0.010387507452505296
0.010261846626573869
0.009989137387255322
0.01004005908567962
0.009987753380669647
0.010378801298656771
0.01010814598046125
0.009722328735190465
0.010126477074558807
0.010082857132699397
0.01010445601850296
0.010108449396290513
0.009885609025978178
0.010431160362048032
0.010045633427648158
0.009902842793218807
0.009151792134894846
0.009792310395816559
0.011644428927596458
0.010699245118146426
0.011265646615481668
0.010831322992687735
0.010027071409239894
0.008881092914497997
0.008990797656581744
0.00984524731221148
0.010437136191193545
0.010403196450994847
0.010379810867704124
0.009776237277981078
0.010121661983525232
0.009667882354195478
0.009645149580300875
0.009922368735079446
0.00958420891914001
