0.2622107442332454
0.1362750719781595
0.09053832002622637
0.07944964161702357
0.07385231248892492
0.06671902865322138
0.05973005151578283
0.052219622415667535
0.045897015749323776
0.03911160083074172
0.03433497056093384
0.03052211014141894
0.02670363466158159
0.02246047999207862
0.020635752325639425
0.01857610956159426
0.016764750801887652
0.01491372609830208
0.01349901600253748
0.012405949252455216
0.012167347491375253
0.011335177419053885
0.010669796794487638
0.010077053287415394
0.00965734226319315
0.009463301579128237
0.009098940140200346
0.009157628434916491
0.008896045806668952
0.008750060470928623
0.008646262246808707
0.008641367838989762
0.008046382132699675
0.008613723168272917
0.008235248542553749
0.008118346190573979
0.008085739128931152
0.007719100131398299
0.0074189137906994235
0.00787105030990375
0.007755569010796241
0.0076477756572342044
0.008013030604991667
0.007851612496974098
0.007268764191859336
0.007531649049118111
0.007907428471298524
0.007276443621191024
0.007341715333369591
0.007492614664512657
0.0070424014455852
