0.13805052876650523
0.10440331834500065
0.09285699248193205
0.08545636677597274
0.07913139108568268
0.07212901780530674
0.06752958655937004
0.059553999098209014
0.05268603677788772
0.0459546246236154
0.03952789158913169
0.03557453794223564
0.030183078779347956
0.026152592495263232
0.0241315768946256
0.021048591925467423
0.019293733644613932
0.017270077879750347
0.017223748257135903
0.015504959188377309
0.014585035734224606
0.013926269893278834
0.013103518922723687
0.012584585992358923
0.012139024058634916
0.01160160728398118
0.011542363141299803
0.010879260617701841
0.009826198917376908
0.009738402433148989
0.010078885465731708
0.009765803919809092
0.009755611972027258
0.008676521062879689
0.00880006097104642
0.009087745331908925
0.008659986554850622
0.008781484550047857
0.007943430869085473
0.00820023018160846
0.007952268015298336
0.0077204390583065245
0.0073425011836356375
0.008049466853006636
0.008034059592620156
0.007455864255102634
0.0073272051730126474
0.0070581913491847255
0.007151374977437455
0.00679480487548832
0.007543643017637652
