0.11222369827144331
0.087411429944632
0.08221775845129156
0.07460052894797406
0.07151255273099856
0.06476756581218106
0.05858380829841895
0.05288604421897789
0.04781946131629587
0.04295486164181432
0.03983178583071383
0.035148981058853654
0.032890473304915145
0.029648736294947717
0.02680916788377548
0.02516083648205382
0.02420301776265949
0.021920377746192696
0.02030617525035705
0.019081284699576366
0.01838061053438844
0.01821268143020216
0.01684559713446784
0.015721025095282375
0.015228020826599884
0.015531949186765556
0.013692342367468822
0.013607678626566002
0.012235084495064242
0.01248994505136833
0.01359237495235356
0.012301297051170472
0.013434644681585384
0.012690311950934959
0.011315338259070636
0.013192476361501773
0.011249168223340981
0.012118861536975948
0.011530002690382079
0.010572053237914289
0.01006320332652183
0.011367295308758615
0.01099591165339481
0.010818679400569162
0.010236828161336012
0.01158418598451058
0.0101119013377873
0.011057338261408943
0.00921941935204123
0.01038426798536728
0.00965886497167311
0.01076388519274762
0.009638826064780939
0.00980756424705277
0.011868472643256455
0.009988907216376063
0.009094564826388943
0.009183459525879251
0.010208261799689458
0.010529445301317102
0.009235003787150736
0.009207145490493559
0.009288043024005958
0.009996681531633874
0.009442841812072163
0.010648295481575398
0.009536359965966211
0.00982442881072566
0.009849213916274182
0.010190578062182787
0.009174105227185222
0.009614406196969927
0.010050246063017595
0.00879487815143405
0.00967974883771081
0.009219866503480374
0.008620337517768036
0.009176978887871064
0.009522966980439826
0.0094070878678967
0.009355408565410893
0.00933407493809539
0.009103396231293037
0.009938813039205123
0.009998314956273967
0.008982524622419044
0.009140153612742606
0.010092946094618993
0.00917644668773637
0.00967804132693594
0.009254077112027628
0.010022710591159474
0.009084697621382863
0.009430177808233544
0.009202095931778833
0.009521080872522073
0.008562421952547474
0.009178652701433867
0.01012676726317026
0.010473546127217888
0.010061963852456855
