0.22188323873059876
0.12379956038646897
0.09517492192445151
0.08614724891832799
0.08104417570973758
0.07669703804810178
0.06804483645445612
0.060493444411147484
0.053753648068769845
0.04989798629098562
0.045276647116132406
0.042103591824244294
0.04028036095863296
0.03785080809661044
0.03489596958468365
0.033554355897658664
0.030574666696230792
0.029629083652025493
0.027627024275669283
0.025643934889720343
0.02392795608514719
0.02253102148310473
0.021543280745439698
0.019556124095976506
0.018099129703913867
0.01758224031870663
0.016597940805880222
0.015911601043945647
0.014529374506703167
0.013934861420006718
0.013050404486707853
0.012281812885053848
0.01188775335281534
0.011270544709693566
0.010440502148206523
0.010444966560344469
0.009394661088235091
0.009613002704158161
0.009773071766197185
0.009300537049217373
0.008887482701183771
0.00862679110097466
0.008442978172637292
0.00859337928841643
0.0077987381595408505
0.008423646600260307
0.00789256458258931
0.007463349617326896
0.0077305000325478025
0.007058219147398011
0.00793648768302206
0.007591884157014357
0.007348494447766509
0.007753969082223102
0.007775283010379196
0.007173694837520008
0.006959059958328244
0.006746479837328695
0.007139923298451277
0.006902837188917204
0.00747085636460727
0.007279231719635899
0.007094868503061672
0.00688912120777103
0.007326975550332911
0.00684210925089665
0.007370337784038621
0.006737502040099275
0.0069975521558969305
0.007458250745314646
0.0067468218650751635
0.0073529240874917485
0.006947485173578251
0.007052559010929256
0.0068305583711454655
0.006773958154558959
0.007055795111743838
0.006486256472254544
0.006979239490576329
0.006855881604708577
0.007082066761321909
0.006912908824265747
0.007042816588392441
0.0073753098633909
0.007126005249105931
0.006975729435100414
0.006956153064427635
0.006627905657471349
0.007040915482214333
0.006944655222836914
0.0070814732363032136
0.006848541840777143
0.006945630531056101
0.006652410824570916
0.006570286988856771
0.00674968864189354
0.006491369049012663
0.006587864567708289
0.006950650214081768
0.006709511083191546
0.0067806197304851315
