0.4568822821577353
0.20723493694302902
0.11343518135498908
0.10066378923174027
0.09032981372085423
0.07802601586309175
0.06843117955901977
0.06017399214636754
0.05279031607090138
0.04610512496240103
0.041210617164635456
0.03859744575829688
0.035176802865783646
0.03134786613120789
0.029284663370700684
0.026625683983675357
0.024750207064060295
0.022407606171867624
0.020867757714105987
0.01958698418376998
0.01915098821849892
0.01720913930307689
0.018284957366559513
0.017100462432029978
0.014934406442866437
0.01432505883194267
0.014236545124903502
0.013857067363738125
0.013501138013704261
0.013558592458229853
0.011555100679759366
0.012407495992926268
0.011684280612250554
0.012722228933939985
0.011481038017464494
0.011472597149758476
0.011673350499040282
0.011495110435748345
0.01098739917532221
0.01069288272560345
0.01148707446366176
0.011313155918758342
0.00984866968443955
0.010934687128135213
0.010221895510278585
0.010594192938503385
0.010825045612271074
0.010992593492726325
0.009772142689414858
0.009802901478740533
0.010462151248886508
0.009245668586172826
0.011038004832702598
0.010108979161546414
0.010319745843706174
0.009585911386856742
0.010580204321710996
0.009679895770513305
0.010729762909327827
0.0103020308498595
0.010156473391485248
0.01061760778743417
0.010611892721047303
0.009832572099787528
0.010230556479276188
0.011319569415771998
0.009464412898205756
0.009779689259579212
0.010312986599788502
0.009850355005940318
0.010184920436386328
0.01056758088964909
0.00968042871120462
0.009134774621851367
0.010421114955280883
0.010350847087918467
0.009417036519889718
0.009262365232694171
0.00890421304632711
0.010782791863464921
0.010360784098501465
0.010114481021780508
0.01052128481835816
0.009633762922552393
0.010233057856947723
0.010612283482086413
0.009664096904827443
0.009933075740571087
0.00977768237334513
0.010503760929534459
0.009966121889576964
0.009265692609362941
0.009393858065399508
0.009851542222238299
0.009529313867952126
0.010899172865818802
0.009230489876914452
0.00942819013281784
0.011356522691412836
0.008635044472298617
0.00977564355379368
