0.09405000246345784
0.0934750923150878
0.09443830556474281
0.09394075359141586
0.09610998451016357
0.09440469511803824
0.09465349054862375
0.09622477950587524
0.09632646341299564
0.09619296919811927
0.09500636512055903
0.09514915312050735
0.09522219330684567
0.0940963054356528
0.09687787654128963
0.09615906841932802
0.09523349641240941
0.0957648342338027
0.09537437270693293
0.09474011123106282
0.09553416017369072
0.0958883008448538
0.09507792262141404
0.09358686134752393
0.09648475086879595
0.09536752193654016
0.09503398217393338
0.09487559956438917
0.09363614322059356
0.09271556648307203
0.0942984796047865
0.09682484873010243
0.09732501151721885
0.09568675659398204
0.09524172906638315
0.09326325074882591
0.09655088537257749
0.0959578811502702
0.09427142284481015
0.09623175669829527
0.09558355678797564
0.09575222494678721
0.09420745584922469
0.09519086014626092
0.09260049770600769
0.09600656266409047
0.09705205443792628
0.09363635919135707
0.09488095709687723
0.09529064153463082
0.09389300607184549
0.09378388637251173
0.09630902292424277
0.09386828966923196
0.09447240586365116
0.09308422833161165
0.09450220908709665
0.09476852279581263
0.09541490323626624
0.09269661498880513
0.09242975438566033
0.09550936236349018
0.09682872721669833
0.09521907727521833
0.09301415330656282
0.09446380960078245
0.09519831767354263
0.09642737305461048
0.09509581403153068
0.09320817545799974
0.09592084276891245
0.09730700939099261
0.09335793476282878
0.09770867634679338
0.09523237567230629
0.09759108113392159
0.09425171370686082
0.09476116921101242
0.09573194414092291
0.09570283015860796
0.09550143445649793
0.09331406628009173
0.09806889828191616
0.09664899143615344
0.09349107403947601
0.09449827060396564
0.09613182966523202
0.09680041231308299
0.09527477779507658
0.09607435741215191
0.09623880952680422
0.09374358439316062
0.09430898087321511
0.09585960924225377
0.09594180655658696
0.09547242551563671
0.09568218519641097
0.09509282899982195
0.0957342637387676
0.09404586575437494
0.0970680449477276
