0.464572665601137
0.3744218611259648
0.30272616335629216
0.23630336634378096
0.17855720235551867
0.13433822205518076
0.108915660643789
0.09104436970412326
0.08107775614000066
0.07400148494009622
0.06958737637488378
0.0655741549962469
0.06145195178545243
0.05795568701945574
0.053721029269186815
0.051307685418121265
0.04645067862157031
0.04171403667260899
0.03910463251374891
0.035035781113049856
0.03202208771300064
0.029607048920013316
0.02727399210421799
0.024836977655814118
0.02241914170380051
0.020997161326996545
0.01914400645595886
0.01738882553694636
0.015601991748790815
0.01563142024806571
0.014466036568456684
0.01408531321171671
0.013722849769252513
0.01346972175041947
0.013165094078419814
0.013449897735431184
0.01286382908333089
0.012636964871653288
0.012778157074089469
0.012822001316400445
0.013422088854794718
0.012456676880071323
0.012939037635210524
0.013423090131384815
0.013120977249834674
0.012989768804957356
0.012719880293065757
0.013123803093699473
0.013101312430090373
0.012833669484043984
0.012465214752939692
0.013086658815374306
0.012994501011130342
0.012454071408539024
0.012683801049605987
0.013183767058899787
0.01303697357091618
0.012779613647522805
0.01288895242813279
0.01226832268114768
0.012793438631572882
0.012746762596926598
0.012378908675198374
0.01277240392509712
0.012646514677274996
0.012522991621654756
0.012420096319927843
0.012399338789316964
0.012072405353597207
0.013286679000492432
0.012568273012843191
0.012815954850868484
0.012502606774339684
0.012899215774726745
0.013091010921154946
0.01202985456902298
0.013016090631766838
0.012770915709490686
0.012664843998641602
0.01299814303821338
0.012812912948153635
0.012838280721695884
0.012828041752973498
0.012974182323216623
0.012939413835398315
0.012410927903908754
0.01209544549116705
0.012437069044800917
0.012226043587995783
0.012614652569252134
0.013470370906659238
0.012460016008259779
0.013086969688607182
0.012651697221344323
0.012435526787176972
0.01266366286544307
0.012275958520135861
0.012991834361353753
0.013073486349678453
0.012738538761494304
0.012727810837547737
