0.13132691369391136
0.09796359487121889
0.0897594674359646
0.08075045713484734
0.07655489779561887
0.06933902599944328
0.05920548821082795
0.05350633429441749
0.04685710656023048
0.041138170354733467
0.03630712910127247
0.03185799372131996
0.028624888595531233
0.025633433828664696
0.023507063112914253
0.02066854901042043
0.01918931836791055
0.018905587008230685
0.01848401819660757
0.018086756482415298
0.01703441671167813
0.017127648474797582
0.016946531804451354
0.015471687824207127
0.016128428506794187
0.015571552797810995
0.014012279096750234
0.016093614033531854
0.014322065920988088
0.014440244927554038
0.014634902214139702
0.014206705095320137
0.014244956364344804
0.015146457424134301
0.015029002792640507
0.013046445375345387
0.014064494962686424
0.013104024570130378
0.013955521368825176
0.014018858727420605
0.013867608231288468
0.014272974604442022
0.012421636055024816
0.014439298631133345
0.012692416505742276
0.012996909921273125
0.013433855393644268
0.01323451583736361
0.012806693033043335
0.01314371451246403
0.013549302202273171
0.013258589596192076
0.013301912935155803
0.012787794573585793
0.01420877001595091
0.013242168103236139
0.012018721896302428
0.012283017414641563
0.014560350086619859
0.01344530468380327
0.012960613577044037
0.013141360676902135
0.013143720623571433
0.013270606186820466
0.012635716021082285
0.01298038224305581
0.012344858334951884
0.012470528762993148
0.012575147819050869
0.012448830955800294
0.012240342764263466
0.013588587891353077
0.012506099521758459
0.012021445174830754
0.011944027087415678
0.012043738387213508
0.012905726145559486
0.012326264944453654
0.012409594016705128
0.013248663169913374
0.013544165535538765
0.01110668784454875
0.013454364085450346
0.01174457230824583
0.013397528603045479
0.013065246419498137
0.013182575501446128
0.01283023533009984
0.01205296210740487
0.012872705072147637
0.012738307304458196
0.011508050718499389
0.013465862528761556
0.012602260625078757
0.012802772316639113
0.012878474125749582
0.013163097431256786
0.012177656959489688
0.013070247994672412
0.012745118490898088
0.01235102998305616
