0.121742076362049
0.08144670440638462
0.06939557466105163
0.06099707322343772
0.058754717439143615
0.054973174664377525
0.05270761668868019
0.050505184556962616
0.04779961546660522
0.04233984698895871
0.04124068913039632
0.03925187750097378
0.035106449219505224
0.03198988958297503
0.029702172203167003
0.026775384885665866
0.025488424244897553
0.023063325861599645
0.022320734871127533
0.01976060797766623
0.017972033327180108
0.016282846434762025
0.015136673671823756
0.015044781503331502
0.013721108850598306
0.012901309507712568
0.011784577479355114
0.011429558492210353
0.010236813033720812
0.00977906575507139
0.009761545590513362
0.008849809360512061
0.009172081268416815
0.008398978312514242
0.008115342004253437
0.007717299810058297
0.007865658118968957
0.00707270751813309
0.007443846956176465
0.007198239579637638
0.006660250223429885
0.006842704482185604
0.006816200054374013
0.006784163627693148
0.006502801807528481
0.006636163646056407
0.006717929430220819
0.006180852339815139
0.006379995980056659
0.006056208280578456
0.005347857432824408
0.0058566535706034
0.006527611226089775
0.0056700040548298865
0.006076899733374567
0.005773083974089736
0.006065301987533169
0.006259701524642778
0.005834982825823375
0.005661688020651872
0.0056087209163661125
0.005366980927458093
0.005411854714223347
0.005325460430631039
0.005357699497816548
0.0054093878279074005
0.005390468709014485
0.005808032216047205
0.006369044438375888
0.005136125949341736
0.004964016192203493
0.005057594668661454
0.00527733022852097
0.005199169291108057
0.005502541197513557
0.005914196873270829
0.005389943796494563
0.005127355574867646
0.00554400660469362
0.004996344342328581
0.005330402104884872
0.005699324372362437
0.005048105311595909
0.005632929686181719
0.005292489514345435
0.005642068813732072
0.0051173010336952466
0.005035759304912291
0.004759795667849531
0.004874407013703847
0.004675747354327345
0.005104943872142424
0.0056205287529916435
0.005311893310159137
0.0049703068192359715
0.004316840938822008
0.004892957438506264
0.005036978401208613
0.005067960784559784
0.004224952837184836
0.004494250222752656
