0.12821882297520137
0.11177427992484491
0.10266979754291444
0.0931251999330488
0.08616381185253065
0.07610661262319028
0.06630279245801957
0.055688961711517375
0.04750028109563233
0.038742984211139433
0.0323344296323937
0.028047292247330602
0.023995498101072005
0.021839235698480203
0.021101493951747232
0.02128045714101799
0.01959129509211222
0.01998640312773665
0.020021306541124884
0.020461262221211456
0.02014394149991254
0.020102546999356298
0.02008396453073755
0.020052453454843387
0.019999570622291157
0.01986864099356061
0.020289175275021637
0.019295330243108685
0.01989615106798024
0.02062656156410652
0.019940820048179944
0.020044831480005954
0.019647513247959363
0.01972748342825786
0.02038636551506073
0.01968641728490455
0.02028272287739783
0.019595415231875832
0.020061012641575896
0.020364036657895705
0.019484244996922626
0.02011094922372436
0.020237827173036602
0.020090985214186934
0.020125678348487216
0.019512781740634224
0.019157059457400767
0.01993645709145837
0.020129421696587338
0.01980906502168131
0.019721115101655237
0.02077409143270774
0.020018247223926356
0.019591363505035306
0.019654051206758442
0.019313613668864905
0.02005122715782007
0.019450182936158748
0.0201814475707399
0.020287294353049146
0.020082472226951163
0.02007420526840523
0.01961445945640802
0.020429522684724925
0.02003723554386292
0.020146789215924794
0.019349941679339545
0.01986014084927201
0.019741857401259423
0.020571227746245868
0.02030569164697691
0.019950013966356945
0.019925692581615723
0.02038763688033973
0.020028226596013114
0.0199577246257766
0.02016489911179151
0.020087768695451688
0.019794310950959633
0.02000782084515591
0.019961174238031468
0.01977882231433093
0.020487493863604007
0.019676843012342248
0.02015980447887974
0.020008971551253092
0.01995142203816316
0.01953184067811167
0.020063002664022247
0.01960711265630955
0.019988630079004904
0.020633063847290536
0.019608825896531075
0.020303365638560812
0.02041954764272583
0.019696747043456548
0.02036371130932924
0.019633968489573522
0.019836957733234135
0.02021494547154404
0.020260946558595345
