0.10322090442398997
0.08347251041100033
0.07300989179015671
0.06739876503327673
0.06270534117989077
0.06086966878430764
0.05631166531828986
0.05897931975036955
0.05569545117702175
0.05198234116875459
0.04933051454974406
0.05197885691413178
0.0471615084853573
0.046736691541069714
0.04399027960442807
0.04207692149736711
0.037333372921829616
0.034723769985862435
0.03467796641833299
0.032023225755088126
0.029082950541095665
0.02872108619343215
0.024861104103338957
0.023290332249932866
0.022271951515712245
0.01894670332005848
0.017672025505328343
0.01730578322036809
0.016036281933533757
0.014182118980118326
0.013191491277396057
0.011222093949375896
0.01155624672320956
0.010416324339823778
0.010469457383183419
0.010222068686216106
0.008876515767248948
0.00916032841651539
0.009020376853605138
0.008241145577398298
0.007955016316535377
0.007897395633766771
0.007689751507986045
0.007659683413141747
0.007306016692015972
0.006743014786402105
0.0069214762302497335
0.006694911169754841
0.00749653675150385
0.007218607343095719
0.007394782195834309
0.006814253366865555
0.006508345168303231
0.0059634162846033505
0.006050328727269663
0.006547423289293488
0.00628955692054134
0.006393838485334485
0.0062050577716886235
0.006294716347127977
0.006107364356731641
0.005941091342491913
0.0058490853044334806
0.005928465059528611
0.005281345760507451
0.005340960782978998
0.0052428664902492116
0.00509615786380407
0.005141833332686941
0.005073056915868991
0.005509902855878005
0.005206794125664272
0.004743640179394147
0.005473527503887665
0.005352214731139791
0.0050733512393358335
0.005112839751897848
0.005305748625951517
0.0052275976459153824
0.004520505523787813
0.004195568802838212
0.004744857704448659
0.004521114554466411
0.005058244900096254
0.004639641692366074
0.004452344090439801
0.0048056006339597486
0.004310837086497595
0.004191940042802082
0.004324741995330641
0.004433505944434214
0.004436128740765822
0.004257184424105731
0.0044493465356076
0.004095831061086214
0.004301437712960452
0.004188043827320586
0.003986715145061193
0.004234116049705121
0.003668738382667951
0.004129592253165073
