0.12605035943523346
0.10926694794903664
0.09740074599580818
0.09470018638519617
0.08718651152679174
0.08257686844405757
0.07807371516014909
0.07298926744162
0.06833651674439069
0.06441280160045611
0.05952767452369037
0.05443293081958661
0.051085766723618135
0.04531840221828176
0.042177353546225364
0.03750067690376854
0.034423914112794676
0.032298416670533875
0.028719251588554505
0.027014733090274714
0.025247736489171536
0.024468979884732258
0.02187313992282204
0.020823457711655478
0.019999224833127327
0.019216001519406584
0.017642995398506126
0.01677893920525378
0.016214929297564913
0.014756057688774181
0.014631128584606726
0.013873172809962144
0.012885171799116234
0.012803857047394451
0.012002720896519681
0.011450794507832037
0.011071934830543875
0.010891967191420835
0.011056233025084591
0.009906326449103041
0.009968541091705672
0.009539181851631742
0.00922116516721559
0.008926738043245995
0.008343739491107137
0.00881313112812978
0.008963152882926078
0.008558443993867453
0.008653080144586697
0.007674831054613854
0.008106923744530484
0.007701317470411234
0.007929376669078185
0.007888234510680618
0.00819693852693553
0.008032141249562086
0.007009221336875761
0.007587757343869015
0.0068705470842284335
0.0074362848118005
0.0069928771725592765
0.0070613237597441595
0.006890168305048926
0.00641041369822238
0.006398680263338147
0.006384477814674579
0.0071821961724244645
0.006754616123447365
0.00642339250456333
0.00714741704729286
0.006529093120482883
0.006707680122032688
0.00732190344625591
0.005942886096259038
0.006383406819635458
0.006522952943446272
0.006400502532300368
0.006810271393012639
0.00615269467379914
0.006185327180895179
0.0057924491119203045
0.006359296519985858
0.006408249049996221
0.006400290281373191
0.006035611572892408
0.0058822668130182896
0.006423020614295095
0.006023432484629343
0.00617775530883564
0.006498962017038932
0.005912074754263138
0.006868619600444574
0.006510308610790759
0.005723021207914743
0.006047813690468286
0.0060474074442854525
0.005815243019594183
0.0052713978168084765
0.006050795265650404
0.005633128961531273
0.005763289173251805
