0.14806456395437484
0.09170232289492437
0.08050484745023384
0.07037268409445624
0.06060838105967544
0.0491898500942431
0.040500281468356686
0.0325924496336862
0.026763665368121345
0.022975165385777107
0.020185523015933994
0.017614697814307145
0.015334628245188648
0.01480585479734178
0.013045949901940693
0.012470054410531319
0.011029369706178951
0.010924597964217094
0.010047601398266649
0.009781414771945484
0.009362224453617533
0.008924666502922028
0.008794700959592415
0.008241042791008365
0.00895801146638271
0.008467688163187811
0.007735292961808404
0.007267076372643099
0.007703607941280845
0.0076174039204019595
0.007292796002728707
0.007215242875460088
0.006833337124683203
0.007260666829524513
0.006587887149119739
0.006233857633824992
0.006902688631969466
0.006522450968762363
0.006169734681545842
0.006580687708761638
0.006326520233553373
0.006325710118071659
0.006117070532452495
0.006332058722084071
0.005604571421533437
0.005895373375497927
0.00581235778203958
0.006115094735736564
0.006164518568313478
0.006112558438110308
0.0056221044249508785
0.0055756781985421815
0.006121433719624347
0.005887070789932379
0.00566281718178411
0.005616446568607386
0.00520223415843979
0.005704129915371258
0.005334665798309775
0.005302968896809525
0.005511339881603973
0.005351152358380936
0.005417145286141266
0.00544216527924007
0.0057152456920075865
0.005407904045401902
0.006077958671407805
0.0056100462578421864
0.005140069747334753
0.005229515550717838
0.005703271056428293
0.005610874463217506
0.005109101070996943
0.00583346694365482
0.0052282659165473295
0.005648836018014715
0.005362387283250819
0.0050492757618307025
0.005801299098810855
0.005080890057349758
0.005368001814048122
0.005574554758872659
0.0055029550641015465
0.005204722259222507
0.005487520338472841
0.005620096684887083
0.005164987406256271
0.006033055966226528
0.004945315231196985
0.004794293291570244
0.005124657167112381
0.004976166892593221
0.005030129911102735
0.005319943632048486
0.00576168762463342
0.005436594125795723
0.004768948541986471
0.005676144023347614
0.005046776167039039
0.005142954979239961
0.005179161550991854
