0.21686623564956323
0.14480679029601537
0.09864943615650518
0.0669349715616496
0.04540631420874305
0.03221449515371504
0.024368774059453178
0.02137191127670542
0.019108818941378964
0.018470676587728004
0.016931741873168753
0.016386834708519208
0.017425151790689934
0.017389643161476932
0.01710790815379065
0.015327627015626252
0.015314429348201677
0.016420789447215606
0.016343380806640422
0.016896767988968112
0.016330414084362508
0.01605640045249695
0.015620186381686982
0.016131269942562493
0.015863463943008464
0.014353223458609985
0.015132822332987472
0.01578593706065268
0.015405914283828053
0.014807259715409535
0.015316324926340417
0.014216410316619185
0.014849911850756022
0.015157884548561222
0.014538841930574465
0.015104276791749863
0.014680349710755707
0.015102139462293575
0.015136532869920435
0.014248378483657452
0.014075317183029911
0.01366907772971732
0.013912237151858619
0.014740918210393339
0.014341387930624226
0.014328699308132712
0.014242860702095054
0.015471848476253868
0.014287366761513647
0.01468354354961008
0.014093804054471878
0.013867631900620592
0.013795255249790942
0.013736424170259512
0.014796508406789846
0.013917221388489144
0.013268210687788558
0.013214070470426928
0.014508158461571496
0.014324671499865013
0.014315695492878502
0.013957448536306637
0.012671210338316082
0.013331822576443943
0.013845562807858987
0.01393177775682171
0.013799459062917062
0.013121639043856215
0.013053675291985803
0.01450808526518509
0.013119307357033538
0.014029579263921031
0.014248459244126358
0.01366037803558588
0.013092491399624555
0.013895117243978709
0.013635743669491107
0.014081113924871137
0.01237885732027588
0.013244877458971007
0.012902144765507132
0.013251295170696183
0.013614441147731407
0.014018094844856803
0.014115487714772768
0.013905002536539946
0.014136323254131085
0.013915461087128869
0.013331421106158661
0.014546820203367164
0.012953944366906438
0.013526568463167481
0.013347790854352384
0.012904163747302104
0.012864020250809086
0.013174460651188411
0.01417507018376617
0.012982591878138834
0.01451223483830439
0.01392439241526634
0.013235152974718103
