0.10386603764459929
0.07182269338650563
0.05986148458283273
0.055913651493676934
0.05456470529246983
0.05121023661929906
0.04696917012737737
0.045236991041936285
0.04191421132227621
0.039805979914218366
0.03582713485400654
0.03283925884703029
0.033479666575988484
0.02880377950576811
0.027730402854968323
0.024489891109501557
0.023453743828600222
0.02252185323702771
0.02138674573190417
0.018375345107533178
0.019331036014048508
0.018280232044239828
0.01682347095412937
0.016375649960115174
0.015524781551441524
0.015610671050989075
0.014611372595720125
0.014154548494700646
0.012499677782452647
0.01277184533772194
0.012882206890481033
0.012813356293571453
0.012128730434081069
0.011904333122364079
0.011276609714964223
0.010484888234159063
0.010753340730825725
0.010743135221030141
0.010288994149056794
0.010747733664121685
0.00912099303017965
0.009005352336301547
0.010290492697434357
0.008736501350201951
0.009642227576452498
0.008993996419208125
0.009147286071625052
0.009331779388783587
0.008971502507249542
0.008681568062806356
0.008480765940679171
0.009146552653277924
0.008968150211367851
0.008920903923810477
0.00808638704442952
0.008682320101437893
0.008394701039271703
0.008001846664002917
0.008351089491200238
0.008181363312646841
0.007594475576578085
0.00814149984691581
0.00800772583322269
0.008152390201119077
0.008110752829860051
0.008852789912407311
0.007761427201302508
0.008482830856009663
0.007408955920479086
0.008308979138880674
0.008112742516654349
0.007374778820067878
0.007929987349195639
0.008028534579442798
0.008072844468533798
0.0077456947718326065
0.0072430807952814
0.00737027251635397
0.007846286365975801
0.007455299200741545
0.007663482947345957
0.00796067097258973
0.007760666111518205
0.007723184124238465
0.0073255594617044565
0.00797853396594357
0.007486312145423431
0.007534466779252797
0.007555165996561631
0.007714696469735353
0.007403311833196403
0.007731627408266174
0.00796833764189434
0.007444698343873251
0.007150319870603821
0.0074852201203778335
0.00795940145362348
0.007616969336580842
0.00731591189695262
0.008024709119158133
0.007312242404117526
