0.3588621701290172
0.2631320910368855
0.19463264520780416
0.1455260499333275
0.10227407775400693
0.07515248487602397
0.06152959968882056
0.05208924882041277
0.04775312292265386
0.044800786533899836
0.04263815538887544
0.040964025275273194
0.03841209073756461
0.036287164514498566
0.03405292756390764
0.03196974754649098
0.030236954785117738
0.02746307017982766
0.025376960441052546
0.023675091219363644
0.021934079287714427
0.020042385843340536
0.01889769678861862
0.017489331118593625
0.016772776976739477
0.01556315278702156
0.014959161345830651
0.014277928252027953
0.013588847617961143
0.013010116601505741
0.012840783583155421
0.013152018103343576
0.012461431071714872
0.012548665410834745
0.012064789703962235
0.012073772142388547
0.01213934142757104
0.01242075155669315
0.012193040708336505
0.011654527003319015
0.012022174424047637
0.012008803801289374
0.011794052321469125
0.011764009028437074
0.012232528402183742
0.01159219171861237
0.011453363116067672
0.011357203345483177
0.01138199475094986
0.011164533878918016
0.011027684331799866
0.011689167749080978
0.01189241002344128
0.01124891299622343
0.011515870859092307
0.011583363317052944
0.011545781663759927
0.01122794789402792
0.011415894735015643
0.011702919857062436
0.011272660548243142
0.01107376719153235
0.011854810993461576
0.01113756821624535
0.01117839680243386
0.011415512389062455
0.010735607505179049
0.011367911501744769
0.010966773478362713
0.011195899474194769
0.011375383662032912
0.011096130965073966
0.011112843701056294
0.010812596128888123
0.011640061170643116
0.011514218284659115
0.011201224755812403
0.01187134893488677
0.01118886340664444
0.011509432191651384
0.011120348668496326
0.010959524170115986
0.011374698635835514
0.011028493298546237
0.011623832847609396
0.011019816693263244
0.01121497721418517
0.011418747324478092
0.011192950295124446
0.011525018621795799
0.011514722074242333
0.011450540776687954
0.011591842339855097
0.011044698620758346
0.01133403130286659
0.011276944914626837
0.011466378295448902
0.011492705286104191
0.011431258869953153
0.011269523919789295
0.011481925514474285
