0.286219663018028
0.22687851108280677
0.1482388972605468
0.10115123455671228
0.07439789761196128
0.061028804868838604
0.05227560091543785
0.048140163344880596
0.04486497107425969
0.04284070568052774
0.03986326504041777
0.037221210240173795
0.03407018910850371
0.03287257871142338
0.030862654790419736
0.030351638982729207
0.028170305816826294
0.024966888653625046
0.0238808419496476
0.02271919697656788
0.022324599860585555
0.020851407261215156
0.02184095984892433
0.01955394710465302
0.019737989963718915
0.01944543416606515
0.019179810404356273
0.019549997550966196
0.01935295887814441
0.01884692525591999
0.01904350349518234
0.0184647909743022
0.019015702960756387
0.019277497411671722
0.018408969623765172
0.018892807467627136
0.019004779107857226
0.01854767133194006
0.01961546900741886
0.01889222120909097
0.0195737184915019
0.020528470798595374
0.018000576550837376
0.018786676651327744
0.019243158124855067
0.018450856448725506
0.018848831630071495
0.019090410175898145
0.018026726031767325
0.019097043752776117
0.01865400788571414
0.018145651385979164
0.01964305988077078
0.019081654342641016
0.019303148829233133
0.018044488171315327
0.01940709323742403
0.019411416229224137
0.019437366658589066
0.019068842679530667
0.01893116180986094
0.018206456573056744
0.019059788253665767
0.019917184625275246
0.02093052277879612
0.01793962918894074
0.019334548152701154
0.018983243380776935
0.017801483485149143
0.018335098834480337
0.018376525931483638
0.01820165286420432
0.018030123606831042
0.018737895172496483
0.018718457811878936
0.018102790963266002
0.017846561815972387
0.01880051153060833
0.01920038022457695
0.01826378911061774
0.019076285362297593
0.018218359277680854
0.019504198732816263
0.01847739900906974
0.017986680996101404
0.019697045382700888
0.017648655101735054
0.019050050190984498
0.018306845840908484
0.018678504218858312
0.018815206568550305
0.017984295009448963
0.017608393137127202
0.019232564540207338
0.01944316485513471
0.017829195017691108
0.01919793046296127
0.018637347858780923
0.019143035057254905
0.019470190639495687
0.017931574114759992
