0.06295671711588864
0.021950478955023868
0.01925034155311182
0.018587093834606033
0.018042165377585608
0.017668682339522252
0.01832121601761652
0.01753554461069269
0.017938839765144127
0.01769601420737537
0.018070917025707508
0.017815853937638685
0.018165740284975546
0.018264337579928454
0.01779087102612867
0.0185529166740359
0.01839789321731028
0.017944740508112605
0.018268356346793028
0.017623591877415416
0.017743317343336975
0.01755722927157218
0.01789451915507311
0.017514073588155262
0.0177817485965984
0.018302104701889605
0.017909362001153395
0.017846354666934936
0.017903184270247
0.01822815991120418
0.018078066175709603
0.017920228510871744
0.017812622947862344
0.018251291434140067
0.018151783312767806
0.017193872868036857
0.017263940741814445
0.017744681489911228
0.017901506138132777
0.017986166375204993
0.018070260886749616
0.018548533869248797
0.01835617093132607
0.018500731958347682
0.01763607018997633
0.018193306260621243
0.01764044631319283
0.017366197281903646
0.01810552169760739
0.01779763099314888
0.018047955972112905
0.01757123688800771
0.01748101305875602
0.01801689226434403
0.017807829188427677
0.017251226660143226
0.01807765997558323
0.017865006499913173
0.017861837359341524
0.01796090604568372
0.01785385626969733
0.01693475180398408
0.01755341679605681
0.01792955438162334
0.01778371403072025
0.01720685908397744
0.017655419704846898
0.018216624006428067
0.01755391389968713
0.017728690077286283
0.017883388429352467
0.01773207164276366
0.018556214268782175
0.01750872875390767
0.01770953453336356
0.017753426939791515
0.0177401742115452
0.018211861654851943
0.017575911868425623
0.01807877333633575
0.01761229601862639
0.01761645357142674
0.018250645678915385
0.01787160592651436
0.01803715676218774
0.017715898905304575
0.018041955669689455
0.01725707995904358
0.018664495071749224
0.018026517142798983
0.018282360572974703
0.018331443646089848
0.017862772657040647
0.01801820013908729
0.018009802142678825
0.018017009649679522
0.017852709387489892
0.017044705341067376
0.018550085459979278
0.01788082819846842
0.01853607566453277
