0.3217835266846535
0.1663138128963946
0.08307140433070853
0.08006535576204826
0.07588028759721785
0.06647354486560571
0.060916053758372626
0.05780484653588219
0.05205819090079501
0.05104162397643077
0.04533728642542406
0.041415621368360626
0.038094831334711976
0.03547175982559475
0.031739964525898993
0.031758338001995956
0.028808725289734965
0.027383309821915773
0.024504267045949345
0.022897087972532166
0.020069704698048096
0.019143651717692348
0.018211934221175147
0.018080930708007033
0.015672253380972716
0.014787374984880454
0.014058758136986616
0.013002379157228341
0.012618478491987403
0.011193365153679318
0.010651796946993478
0.010111111132823772
0.009704542296495438
0.009396748959446423
0.009318699217585664
0.008583756316880036
0.008261046379421893
0.007697917126966102
0.0071276138480620655
0.006376613331230409
0.006624903679684548
0.006257419446921782
0.00620641174149462
0.006165566462155126
0.005982552249301467
0.00556054540690483
0.0059158826256821605
0.0053773973483587905
0.005700553831860095
0.005355235545798252
0.004988143781449984
0.005011527160390954
0.0052955459843000985
0.004572070771628932
0.0050067080562997525
0.0049165007429941565
0.0047629336726931
0.004874508388276284
0.004215074275952779
0.004331405675393859
0.004259254839999537
0.004580088492808308
0.004855297815154532
0.0046144389024122
0.004672489223085522
0.004234305269908259
0.004206620443026567
0.004092636200222159
0.004071098138063853
0.003791385783945972
0.004484591754236206
0.004151949542422419
0.003412793244659757
0.004130979246653744
0.003749765812418575
0.003421022308743072
0.0035350108054380248
0.0034994034325625156
0.003836272708954138
0.003342960868206673
0.0033830492392057784
0.0037755202858862614
0.0035621300090801352
0.0037737288147782137
0.0032151322488951617
0.004026049702686035
0.003147958760573347
0.0032886120887085208
0.003352129532423231
0.0033727665948219392
0.0029071723394079457
0.003572088023263999
0.0034626260180902367
0.0029992066000954195
0.0033375826797895605
0.0040009647018366635
0.003326118067333497
0.0032007807285961715
0.003115434724024479
0.0037365706050840643
0.0027643584240536526
