0.19254007190730266
0.13331934677044627
0.09191053652793538
0.0645381459718423
0.043300134584983926
0.032484137855987305
0.025308550385990867
0.021108955138417623
0.018930644990197046
0.01828245807216094
0.016415648273174065
0.016720232571904574
0.016542856801461062
0.016256342427836665
0.015197744687836065
0.015131497521802647
0.015230942412769026
0.014679367683879476
0.015152679144825756
0.014843465060995573
0.013916770748176833
0.015006377506548917
0.015069144317218645
0.014785653367621042
0.013744463311428904
0.014376381043749394
0.013249028591449961
0.01369511897999409
0.01348525586448398
0.013451337708236925
0.012543283386132469
0.013870499567149515
0.01398317709994648
0.012098863415636875
0.013339021520674125
0.013476598014173584
0.013236225419136013
0.014058836646627352
0.01340600089363255
0.013520911012426692
0.014671036937978157
0.012918855219690011
0.012068443191124727
0.013504489554078345
0.012859309422247193
0.013355842561305432
0.01397205648521839
0.013805255161008058
0.013711632277324677
0.012399336681518248
0.012777039747466364
0.013100088181832637
0.013295892440953413
0.01243384554400818
0.013290029710172645
0.01217130254543772
0.013198534669736249
0.012803084661775807
0.013538270064456761
0.013060304351265496
0.012156983726514638
0.01244879800185829
0.013008174458802592
0.011857617923619708
0.013409822396352026
0.012835014248730563
0.012088608046985319
0.012735938163932972
0.012217333178742525
0.012704279564378614
0.013080213244318297
0.01166116196126517
0.013320442056718016
0.012827212808752177
0.013679739322593977
0.012259668817349969
0.01293033987075521
0.012606599808835993
0.013371311169855573
0.012773730041030003
0.011625559950974262
0.013077371971330022
0.012404991820370014
0.013881408864654101
0.013183867300256016
0.012081846947361644
0.012239747113466514
0.01273078577020075
0.01207605982430846
0.011526460378869285
0.011656670732022176
0.012870550946696245
0.012640732764680572
0.012937716163380627
0.01171548450390497
0.01254252707924767
0.011272936910582643
0.011996362583110294
0.01276799622999583
0.012082003739748009
0.013047083711817573
