0.12428745392528338
0.07252937113566824
0.05518828574449904
0.0489833560830342
0.04364689442862749
0.04258968728852234
0.03813954186843204
0.03293199745907726
0.030096564874622287
0.025918790121613553
0.02214962980072446
0.019974991673316223
0.01735115675883638
0.016246235283165638
0.014447104280410445
0.01423966709127199
0.013284167261456873
0.011399704824183442
0.01171635628464146
0.010822766672758286
0.010464375026991737
0.009936837645318093
0.009583100082277111
0.009111785037900541
0.008263210060142306
0.008327127675146814
0.009085324118311668
0.009400289156634569
0.00862945507668231
0.008481347539710367
0.008967170021513494
0.0075390478476462025
0.008284470961369536
0.008849258049827703
0.0067738133482293595
0.007413136675667522
0.007983189441027964
0.007126418723430426
0.008357106131763747
0.006782157300422566
0.007862493445868578
0.007660733299859225
0.008249355161548401
0.00819859909172679
0.00792046373071601
0.007959276845325727
0.007681301411369575
0.007401258057981247
0.007577626219833749
0.00695186096446142
0.007284953073771853
0.008795953482655819
0.008418441877117286
0.007227351158122865
0.007400873022311821
0.007635645445991623
0.0073281592493104845
0.007710312395982723
0.007542766079082291
0.0077608291606103795
0.007810865555866072
0.006459377576885622
0.008329873410120793
0.0068728434804594335
0.007284928618286714
0.0070515463850262415
0.006241887320117979
0.0073564430844495305
0.006896234331581722
0.00637018843926237
0.0067558493528273545
0.00667736845673515
0.007063989999403242
0.007513220669067199
0.006614392740506377
0.00658592809619112
0.006693313287365306
0.0077544839395116425
0.006968793553821674
0.007793412583959145
0.007972068406642836
0.006212736431509864
0.007724457378977389
0.007287176700927943
0.007945582563048111
0.006810568749416758
0.0075601388900215175
0.00691685344000903
0.0074287873087524724
0.007460988474243039
0.006359863117479275
0.007256164101680925
0.0074760463358783035
0.007834446180260326
0.007166487297658914
0.006993373033648862
0.007043745303760144
0.005916980596067271
0.006994822327474138
0.007821595916661277
0.006925580158232525
