0.5803103741744128
0.40056450138252914
0.25648228461850053
0.14346475751582147
0.08579013702566046
0.06935836310575198
0.0656089528979367
0.06073793940025312
0.05533410436956682
0.051936435314376125
0.048925255986089586
0.0433797329643442
0.03865536983617698
0.03592747108379552
0.031619907863021435
0.028535205922107187
0.025420205865273368
0.022751242816243907
0.019422370296931363
0.017841995344173554
0.015809244076529044
0.015735019261023026
0.01538287462140628
0.013606261751336808
0.014510875873327759
0.013973706767935355
0.013556572543252036
0.01242514146893913
0.012220400969432287
0.013358106093315995
0.010613415705498381
0.0115734575923776
0.012227124187431196
0.010791598107447493
0.011679350797604493
0.012329385380129374
0.011260529771375713
0.011399145909102635
0.01044351941024014
0.01054777989435387
0.010626763377989524
0.010517864661400514
0.009828802745703531
0.010848344163350877
0.009986978966968964
0.009889548144985227
0.010715068956519932
0.00997342476215475
0.010929867106949355
0.011573866384932793
0.010408684574499127
0.010373425034949231
0.010407080759484913
0.010053660808328032
0.010249596273083512
0.00990137291533929
0.010081578829127549
0.009651666968861059
0.009903366163152096
0.011556275837232436
0.010276585540071468
0.0112023928821429
0.00959342228665689
0.010824071597732986
0.011509905281758782
0.009161281118374375
0.010809822323407688
0.010018303785687348
0.010157552900507254
0.009362847148409669
0.009468946855192846
0.010204465599812603
0.011060545017375393
0.010673600721365197
0.010772943278187407
0.009684772064754531
0.00919241266816861
0.009840019517659901
0.010291665247717687
0.011159772629512368
0.010782399578635202
0.010398636501401704
0.011411536420182108
0.010850556929883393
0.010684333065663644
0.00869863987482865
0.010093578124561091
0.009309866486747342
0.009344304650170946
0.01033348870238546
0.00949527370311085
0.00996022870064605
0.009057463201227191
0.010552410181231172
0.009828829959571562
0.009894379281147761
0.009873097532606909
0.010526596441282376
0.009307543855187372
0.009471626414274539
0.008874940931723753
