0.31934272084474274
0.1322154797866125
0.10838335241232723
0.08597161128936527
0.06874035243049118
0.06557455053845322
0.06036575344069871
0.05700072482102474
0.055781002031670676
0.05349230007219515
0.05067012201491671
0.05131418798256984
0.0505525878342581
0.04834694252808899
0.044727575170973616
0.04626746195496647
0.04183617875296558
0.04157606875185817
0.03885782192485344
0.03761673409441424
0.032567582194479604
0.03206354981010905
0.029041559228313987
0.02630610867689426
0.0241786715304541
0.022694758009904878
0.021430243751588265
0.017565608866692905
0.015984526969602172
0.015379555683349075
0.014236348439479738
0.012798425117931004
0.01238765146710537
0.01057858575040546
0.009051650134975229
0.008364301577065282
0.008009717641084976
0.007205170216261871
0.00643998136920465
0.005755739291292936
0.005369464005318752
0.004967069703325585
0.00494395968096322
0.004999992779822369
0.004848555225549866
0.004173409532424683
0.0044060111588719
0.0040301504443433145
0.004105161307804906
0.0040397827247268545
0.004564830936312399
0.004896210317025139
0.0045293558186582615
0.004098948234517386
0.004403230655418444
0.004334679703769501
0.004421138873432757
0.004059633959907825
0.003921685126352858
0.0037390226868943316
0.0046016899054028655
0.0040798206605142115
0.004696156330687573
0.0038521538769097914
0.004661155734196099
0.0045027203298395315
0.004243678702040001
0.004095368705339854
0.003989848296254991
0.004128042233086375
0.004623753626063716
0.004057338807250295
0.003950022410532958
0.004486604137234755
0.003935948258267879
0.0036663039976054337
0.0038437228130031864
0.003850292758172402
0.004074132085233037
0.003923965058679473
0.004422497409882877
0.00379879234490725
0.0038872612123538675
0.003654940594870299
0.004263676117583417
0.004355579952606378
0.004274675406451028
0.004260846955317394
0.0046184123870759985
0.004129607272394689
0.003782440727422982
0.004714403683983099
0.0042090152826776825
0.0036553868731324405
0.0036917692311659385
0.004080663918322903
0.00392946387638063
0.003855562793086385
0.003544797452360579
0.003966701229417242
0.003650142027438291
