0.26696002633318505
0.16063736010342808
0.1001234739068467
0.08982746169010097
0.08285258430902617
0.07448149715533664
0.06836956534517459
0.05662189111975367
0.04657191795795395
0.03708827514470524
0.03450600491221433
0.029893858992929772
0.02789536583905963
0.026195282831724433
0.023358953107662787
0.022433264564149142
0.02109104016827629
0.020151035692333865
0.019119531118907917
0.01799356312602743
0.017488843094071345
0.016730964045415662
0.016532334279051777
0.015400478843990007
0.015280829656911889
0.014789169103217543
0.013520705216540448
0.014572454024508978
0.014483469885590223
0.013945948607110584
0.01245857907402351
0.013056540793421112
0.012829490438949924
0.012165736053062285
0.011853200778194371
0.012274873497401846
0.010398806628475197
0.010574994351961567
0.01131786569092916
0.01095328258024778
0.011489304346377429
0.011777703417416416
0.01087700409422783
0.010292762364604868
0.01072360078685296
0.00928748155976975
0.01013897452876946
0.011329243194716654
0.010857127332445638
0.0108113778398666
0.009546267941016708
0.0093499562711202
0.010454757146662877
0.010210129943880637
0.009235113903947415
0.009944402006035998
0.009266139738935301
0.009080689252835323
0.010070692169954074
0.009221462519931799
0.00967177774646845
0.010274750094697442
0.009366487975274231
0.01005416356511278
0.009824125587749378
0.009858492889944817
0.010106549286786044
0.010410388697919682
0.00997679810801394
0.009792996132983432
0.00825659976585025
0.009490572468215828
0.010427091827947235
0.010706341218405172
0.009425089557099376
0.009459605327843502
0.009103833131063008
0.010450060869264366
0.009794508147688027
0.009441422304821331
0.010736865543701369
0.00784266074764401
0.010162288411182871
0.009695311250214653
0.009386574803719409
0.009868615417945458
0.009898596924384042
0.00946225377523663
0.009582609000724138
0.009823774379206692
0.009679679526548355
0.01049494503111326
0.010372857228273021
0.010638540304306858
0.009043946164365746
0.01063752982473681
0.009614795130088323
0.011156806532556534
0.009589699918016562
0.009979791609438423
0.009505515871081576
