0.09063569946757453
0.07926108258592289
0.06793141740089219
0.05792155137176727
0.04657018672160687
0.03891181155230515
0.03360393362740092
0.030022616521232906
0.02533968738542947
0.023813624464508965
0.020781386909377093
0.020989896210861676
0.018096822184866097
0.016708940073899645
0.01613272410103475
0.01614694986823262
0.01512307383845951
0.015109253571839544
0.015502960550264169
0.01662089969472094
0.016397402965151534
0.015158854506228265
0.014929271459399256
0.015292053024007617
0.01501116205928719
0.014866368823930358
0.01492424658664656
0.015396171526570223
0.014280094842020294
0.014279271053479462
0.015118946071517592
0.015109057986565564
0.014754717454483535
0.01495869460475612
0.014351636262823729
0.014832652311069257
0.013511446332466563
0.015184726712411408
0.013976087499203819
0.014133181288583548
0.014073201552208528
0.01445097405751669
0.013920796652466587
0.014578677330014235
0.014028888547631183
0.014845975356787545
0.014480184111978813
0.014625756756641007
0.01455312320343896
0.013773424410278009
0.013891636387501153
