0.11624423165024139
0.09001588289323718
0.07262295826341397
0.05886358747054143
0.04658687398758155
0.038508072085642935
0.031901408010637136
0.027120939593560905
0.023154406630662053
0.02048320283773204
0.01779903719378178
0.015562769103004045
0.014047485721034328
0.012694568246697105
0.011594517343821649
0.010463917222074307
0.010220602344095022
0.009352762504202618
0.008908249498888233
0.009066125424721594
0.008087538582884819
0.008556845019906088
0.00805565769255652
0.007621819260910904
0.007967018657109505
0.0076910836585765315
0.006977788496977847
0.0075246838651260636
0.006942186364545754
0.006955604424708244
0.006493432600799713
0.006881915822940819
0.007034403536011444
0.0063043702564483115
0.006381294369511882
0.0060549786601297026
0.006161481092832829
0.005636138594094723
0.0064330464247548845
0.0060229731991872214
0.006137842905516456
0.006476304480747095
0.0062088094085235475
0.005997255406412787
0.005446028994183476
0.005485333564851248
0.005914688136477276
0.005386042693307512
0.005474963474990202
0.005668774418260414
0.005287497404720322
0.005216250762359341
0.0056909821085806295
0.005401387239148176
0.005322411173158515
0.0054901305469167985
0.004756347831706274
0.00515701660616892
0.004888135975134848
0.005645863878954727
0.005619044370470874
0.004898595502412044
0.005014095889921622
0.004922099539857355
0.005028534335485284
0.00546072072055772
0.005034801267606802
0.005342600623271338
0.004695706620778972
0.005110040875355544
0.004872551714036187
0.004650325956651967
0.004937547798802415
0.004748467650282576
0.004926061427469519
0.00486549828578129
0.005279173430518075
0.005207421769023775
0.005809712489656956
0.005036360594032686
0.004841484736256045
0.004789120309180173
0.005275585543430593
0.004731927490511997
0.004726900997218854
0.0054053629696394915
0.005047800513107601
0.004956960835480726
0.005402644080298317
0.004855613485301184
0.005011160418363868
0.0050377029101561326
0.004773162934576271
0.005089435187169468
0.005169267417436224
0.005012964170810153
0.004673116187383043
0.005335809235772149
0.00482861031419455
0.005062682717958542
0.005017212009361386
