0.47408747438116605
0.3701184025337316
0.28881459264144177
0.21667409419402134
0.16023335178341075
0.1146991115158537
0.08069587457835842
0.062156981465678024
0.04870642345232531
0.04114455976795359
0.034043389571644184
0.029273295420411505
0.025995334427600016
0.02327146823883583
0.020809112993150497
0.019700602529403116
0.018943898908836725
0.01872226879455076
0.01801595941710396
0.017855579335150064
0.017939044042524097
0.01785139585197348
0.017697770353166317
0.01829895557340944
0.018017692344235545
0.017968346325105033
0.017781619677087242
0.01776308688481226
0.01763102878635456
0.018205656426883807
0.017710445024460366
0.01815632875834355
0.017529002936995285
0.018322140923226666
0.017186459894114454
0.01720712710660815
0.016929513311724747
0.01826600209256154
0.017154586986530117
0.017681106040437617
0.017131592191626285
0.017511295431475792
0.018075992657860196
0.017558400601522275
0.017111642849037528
0.017235148980057995
0.017580847751789128
0.017529107614016885
0.017386817521599852
0.01779808915224231
0.017538057702668593
0.017180266519395075
0.017398479906200495
0.017230997374431338
0.017994727036654022
0.017448684291460473
0.01747700783499401
0.01721211476214655
0.017332152516919247
0.017166012417763638
0.016945535848100723
0.017719900956614177
0.01706006185185638
0.017531995577221505
0.017263232596815413
0.017315666399036884
0.017649385173326183
0.017498958868922623
0.017590954876472394
0.018117839392723326
0.017658091145259704
0.01702055617677436
0.01707563054942984
0.017728081348280158
0.017343557932617538
0.01704810871386003
0.017292367466160672
0.017246495393618954
0.01763279027462358
0.01764849673137715
0.0173268107948246
0.017347964046491186
0.017870901911979275
0.017209728159533175
0.01762957008823133
0.017475449990004607
0.01701655161524817
0.017483519000755968
0.017342361570658108
0.017235181380172236
0.01714012173722032
0.0182179226891443
0.017275849803436938
0.018183662765649703
0.017342385244763444
0.01755100451107893
0.01745305196310373
0.017588731977414056
0.017294426525176116
0.017381821584197557
0.017372490216680372
