0.3415454904692987
0.28370006469639925
0.22789347910178204
0.1591457219361556
0.09997769217355172
0.06336549690954117
0.04425993293043016
0.03695390078162731
0.033327903131472776
0.03045543592100745
0.026156661273547363
0.02522539280139782
0.02340177570138577
0.019688751373933725
0.019264435003563986
0.01730273339284947
0.016165382761976058
0.014069016823594923
0.013662519181677069
0.013230635019222703
0.011877025978112453
0.011628216778707767
0.011369153115039643
0.01173337848483081
0.010887823834151425
0.010941166852496128
0.01203418476141944
0.011505131260529251
0.010463012772296165
0.012590608653254428
0.010837889750541028
0.01116210229416547
0.010075061878877968
0.010436043652871482
0.011165345535889725
0.010732637832490536
0.010782974037922985
0.009407072646713444
0.010503080518749418
0.010858084884895357
0.010192493149621713
0.01110838996238487
0.010562903359056854
0.010346837695494215
0.010195148161836793
0.010845062510799518
0.010058346572885115
0.011673602149734345
0.009991704660763568
0.011172333147728055
0.010899281514781834
0.010784544613881383
0.010962934925207878
0.010168507173007808
0.010313959368297702
0.010775807443647534
0.010655162060582781
0.010556146136114055
0.00996024145560888
0.011381405468996604
0.009345332968887943
0.010507021777594546
0.010854183102293543
0.011171217776452842
0.010221467879646043
0.0120135378434752
0.009625406652571625
0.010229885410833391
0.009916126949446014
0.010560352013476647
0.01126864830836459
0.009796572687380323
0.009939339185637342
0.010488534311426564
0.010327425109397888
0.009514760601276442
0.01058441831275787
0.011038354921262787
0.010353540391073213
0.010686043111609742
0.010346479496872486
0.011539321815440488
0.010792924124923078
0.010403921334089017
0.009743991450221721
0.010485947802856466
0.009815209727353827
0.010767641295132881
0.00991188104554667
0.010359945277366901
0.010971907387686051
0.009385863199752749
0.011728588376674641
0.009775176565217094
0.010190294277177889
0.009679510638682673
0.00990919087509899
0.009790574652543158
0.010244082456529333
0.01034775415310647
0.009174666904364274
