0.43496732656816545
0.25279118509161114
0.12725905214754868
0.09119036900155986
0.08252002277304299
0.07271418201758861
0.06486659477249966
0.05614934708294827
0.049053958042629416
0.04338107259489785
0.03762642588687038
0.033071583702415995
0.027888863286499595
0.02424554457367255
0.020304008745790095
0.01735442853510612
0.015121333568876056
0.013042915410876956
0.011595924966580462
0.010394811933254948
0.009967505262449225
0.009176701422431374
0.008659717631854786
0.007897445980790426
0.007870145459472629
0.007807366529994908
0.007315860951387145
0.007707385396745042
0.006850525843497439
0.006843151282457445
0.006495944901418416
0.006296474625086433
0.006662741448682017
0.006481574162632992
0.006483641421395168
0.006211957832355741
0.006376603931288037
0.0063555155444573325
0.006215351501517189
0.0057756418899583065
0.005775719863154419
0.00611058310175337
0.005933347222970976
0.005875341079952499
0.005499914204088978
0.005971288618893249
0.006092056203275613
0.0055411483242088595
0.005274988474350668
0.005621812803483602
0.005148701916777809
