0.22717019969748786
0.11514401839657273
0.09314465257981942
0.07345419288219115
0.061315017873446
0.056703316905962045
0.05449021830116975
0.05158408462964427
0.051559472952093455
0.046244331690745814
0.04525016512142726
0.04105910948206826
0.04118172756462911
0.03926847437497796
0.03619445514787892
0.03303740959621658
0.031626912191245186
0.029821293395877562
0.028576176452393885
0.024422843106833073
0.023393426825139237
0.021193515061123106
0.01985591224600411
0.016797539868723437
0.014802106306653249
0.013979829192667223
0.012030353401867937
0.011071962007364215
0.009291388041363537
0.008278647926558177
0.007337557137606622
0.006873736314426538
0.006675094075434731
0.006028894940611786
0.005397467984934592
0.005411171376782163
0.004773107895156624
0.004515835631645443
0.003993320941034295
0.004209059142621317
0.004184220677710071
0.00386141568497187
0.003980201321310807
0.0033618144361960323
0.0032902707976334065
0.00328659701353243
0.0030782119827348713
0.0032841834528868413
0.0030581932327418838
0.003167784377634601
0.00373110705591974
0.004030102102326149
0.0033173201229006457
0.0032886826397277853
0.0032207715591892143
0.0030984938915097045
0.0038146900306321595
0.003522954100718633
0.003593380973387613
0.0030567379574397008
0.0033189867151381136
0.0032147337982363117
0.0037049900971333908
0.00325960385497093
0.0032781473947442723
0.0037048107452896327
0.003213848250234285
0.003621217210341443
0.0034144318162030703
0.003380425234807181
0.0034771904089110498
0.0033040167461267957
0.0029757531916061817
0.00302081765903431
0.0033995027326628544
0.0030887541506588786
0.003401039541014789
0.0035263453375446252
0.0030319069340620283
0.003366163648228966
0.0033043358692427297
0.0027935671153910247
0.003211956521384951
0.0035835616273477834
0.0035008560701798416
0.002984827380245222
0.003710021154492914
0.002977333923853259
0.003464424917860965
0.0027378596852490407
0.003325312584643336
0.002917958720071743
0.0030549136793891966
0.003649819142509125
0.0033165420878994408
0.003306699242894639
0.003273083670937883
0.002933329120899176
0.0031891316265888056
0.002939047488250727
0.0029834134307479307
