0.2650514159401386
0.16134245927183682
0.1161147641948236
0.10297679932085407
0.09943815067818204
0.10038785377046548
0.09890953683807102
0.09872906696521311
0.098558007487937
0.10005224634970698
0.09987412222849563
0.10132358151687448
0.10066122559508967
0.10029020927776898
0.10006537239454733
0.09991128270675567
0.09964015898668492
0.09944610047643206
0.09995412791893796
0.0993920156603177
0.09924635431445573
0.09924789693247718
0.10048560181525953
0.09818536624386918
0.09872844589577295
0.09911907202280097
0.10103383765246672
0.10035716071033682
0.10003897719950308
0.09905930148660777
0.09949629418707238
0.09849783797504248
0.09952063169262276
0.09946311796929783
0.09965149339004041
0.09918774699137724
0.09975337593110489
0.1004276744764004
0.09845736500481438
0.0994336303178784
0.10081781224280484
0.09885002489891453
0.09972124275586433
0.10054872275305086
0.10092351610464945
0.09845833675167451
0.0983792959167195
0.09921636519944012
0.10008816937512434
0.09859752677617765
0.0996768610428148
