0.08378130431695772
0.07828390028188623
0.07259243223927725
0.06865872270149828
0.06092652074007887
0.05867709410682877
0.05332170461357788
0.04947816842226063
0.04330826530320827
0.040629633073991
0.036088712690047174
0.032581953764015216
0.02953441342292986
0.02734353142589318
0.024453924086036787
0.02298349815942196
0.021239964267075768
0.020489041948335656
0.01920675376642639
0.019401619304667665
0.017745155471979596
0.01767345083227046
0.01623255993767274
0.015472301897037013
0.01476821919782193
0.014698496626609688
0.014218894615515697
0.013531128331262975
0.013200076299997312
0.013053591678415246
0.012940844423795382
0.012216469435672676
0.01253224094481825
0.0118274477553058
0.011447757170638471
0.011688742661662373
0.011240851199071497
0.010812933104498067
0.010742851140259415
0.010607242678711751
0.009900994460811718
0.010035109176424103
0.009903671260414693
0.009523551562604463
0.009213390188123746
0.00980159870264904
0.009011972877175216
0.009023879318977758
0.009367396385378115
0.008330833544696716
0.009137487582236327
0.008770596436009302
0.008947369809954121
0.009087409409982806
0.008484185390476193
0.00842592083752566
0.008231061906790313
0.008506125885045417
0.008431247676893926
0.008121376952561906
0.008006223992039834
0.00788023493399556
0.008015061858544285
0.00782742767391884
0.008147147358597558
0.007719402779389091
0.008469075509684069
0.008120849494037507
0.00822674659031902
0.0076397130694736415
0.00787074866509304
0.007502756150609576
0.007667641759445439
0.007238259273894174
0.007716598961081968
0.007482526887155942
0.007824939424903225
0.007489905731220891
0.007989471809791955
0.007888650404306842
0.007446403896189683
0.007529736601014547
0.007486780564463862
0.007825736323864487
0.007647583829407691
0.008079261423041188
0.008272598496643234
0.007645361106762495
0.007952796306332052
0.006969879012129486
0.007467362942172341
0.0079502470783405
0.007300908338694352
0.007906799794603235
0.007661147939133011
0.006796366528488793
0.007139770859572712
0.007897809543574923
0.007787098992445097
0.0075838650181478395
0.007751832841791926
