0.25735424489486775
0.17310991186628472
0.1304630656073128
0.1104071537478822
0.1070325371752098
0.10420171421078564
0.10482388574894547
0.10383898412884875
0.10603638779116391
0.10394582224445241
0.10543548734823582
0.10176244654830936
0.10335850390735972
0.10320103931472518
0.10082970985574793
0.10388806967109811
0.10551467959545578
0.10457500306622682
0.10549083021388024
0.10362115579238876
0.10568663607947432
0.10450601894814529
0.10256386812182335
0.10608805368049266
0.10629646028665105
0.10229646647948396
0.10408879720953707
0.10385752552822719
0.1056960621171779
0.10215695132150335
0.10499950729805649
0.10245266684677008
0.10382165020571175
0.10329609919317234
0.10671633735462377
0.10312064904993036
0.10474733936198097
0.10364948238602761
0.10391429854610106
0.10420842202080802
0.10364396180303072
0.10497655168326014
0.10291180944246982
0.10394518893316679
0.10420047241790259
0.10291591266316587
0.10311548412140856
0.10466628413658773
0.10369557145868029
0.10470764333356312
0.1023165301245977
0.10262748891745728
0.10385927988150956
0.10527300786940093
0.10357064579661344
0.10507162927484269
0.10298520259482277
0.10430795306730571
0.1047822701256406
0.10320353034539655
0.10474359699979632
0.10376327432571919
0.10361125935693254
0.10519251181410448
0.10266450285186099
0.1042738636149365
0.10322999038068088
0.10450988224091934
0.10324691108198675
0.10261172370128147
0.1026378824698241
0.10281222404809932
0.10495110855687512
0.10322043829889867
0.10533480620416269
0.10428632217731204
0.10419605892397091
0.10510472391553642
0.10344923542370425
0.10417138265504361
0.10452582092264756
0.10336293217234578
0.10442539966234193
0.10554663000878989
0.10342966078448844
0.1033024640277355
0.10324149952049512
0.10281330207434
0.10346357731586628
0.10489986066485472
0.10538132062428193
0.10481434279998388
0.10361317408532826
0.10389540826487972
0.106110182308604
0.10575765211654817
0.10450813386596103
0.10384810069250572
0.10562549489598404
0.10433388221658545
0.10599427787485984
