0.2037990334474695
0.0956850002929066
0.07183744141214782
0.06417319442309392
0.06000632521499011
0.056719960254885585
0.05133282700641381
0.05114672027192974
0.05079606727698282
0.048305352988207116
0.04794159852660071
0.0449074473896479
0.04378760209354301
0.04081810722321958
0.03979692679385887
0.03826757608656909
0.03355133982211627
0.03048117882304991
0.028495650752140205
0.025743601469337806
0.025320701971913252
0.022771197585506383
0.01961350005119938
0.01877944986595266
0.01742159840858492
0.015165901175152128
0.014735859399434233
0.012441071842701656
0.012622617364474665
0.011254944418110325
0.00968964784978031
0.0092631727343696
0.00883529661315157
0.00790211966768621
0.006890729617124779
0.006683962714749999
0.006388433844759
0.0058953779944875325
0.005650169722494665
0.005701082701646932
0.005444131221394557
0.004771173481844217
0.004471179046282453
0.004707236595369141
0.0050671311470724
0.004120920879366554
0.005085627878303252
0.0045921920662831805
0.0043045468969046775
0.004473695300161752
0.004310005109821049
0.004189961731501861
0.004049939624005104
0.004163395581875409
0.003898230269778341
0.0038343880122191113
0.004029710493700344
0.004086759793910462
0.003884240817882601
0.003890997869763102
0.0038976061642701167
0.003924913527305334
0.00424625699936947
0.0042023997226125764
0.004144203503129212
0.003848274623497784
0.004591193657473247
0.003810028776169785
0.003971046191752799
0.0038177631847049207
0.0037085814849320176
0.0044932252890599175
0.0052019019577058245
0.003948164367208681
0.0038020724078634415
0.004035845253847422
0.004084155892009116
0.0038991997033769824
0.004255524022097172
0.0043267052813474
0.003836049673233874
0.004040368810057628
0.0033266911123084786
0.003466438605290885
0.003767956326825151
0.004306597932403351
0.004018203140840251
0.0034772276590719704
0.0036256379486569873
0.004373803321846259
0.003992192640054763
0.00405951528894732
0.00398405643740553
0.0037463720289797517
0.003751708414349598
0.004135161954122673
0.0039023440485874165
0.004308331810756098
0.003816660976540317
0.004050297221234753
0.003896188414699282
