0.35349502806449473
0.25328047698463685
0.18321629263010514
0.1370934581333176
0.10827077090457811
0.09004079800537167
0.07751936031430286
0.06905073114584764
0.05875244054264872
0.050185184477430346
0.042693317985318315
0.03580914884339446
0.029991185593686583
0.025572277820900328
0.022132522162910968
0.020100770199708837
0.01824754948463274
0.01730630634727301
0.017202410759852186
0.01745084979110943
0.016877583499883223
0.01733517439210371
0.01728567372692707
0.01699056546211365
0.0168369617074293
0.01724766296066933
0.017037927431390293
0.017244761210133287
0.01729721384007406
0.01676141986806052
0.01756077324381479
0.016716090255165555
0.0168966466036235
0.01688411437369329
0.017358228907873984
0.016726260408656254
0.016947433495574187
0.01737717668329543
0.017255514202099885
0.016767500386002148
0.017245910012014958
0.01687481068664771
0.016833398811534735
0.017119265886100684
0.017132037299053635
0.017525422524696743
0.016986509797620404
0.016758831178690797
0.01703771432935
0.016694100128405623
0.017183049714547063
