[[0.51103076 0.4306341 ]
 [0.32786392 0.32961278]
 [0.3256456  0.30295047]
 [0.32946094 0.29022715]
 [0.32515169 0.28386105]
 [0.32666052 0.28184997]
 [0.32392028 0.28055357]
 [0.31508464 0.28625848]
 [0.31006794 0.28954878]
 [0.30108511 0.29467105]
 [0.30986915 0.29565698]
 [0.33094727 0.29629015]
 [0.39095102 0.29775302]
 [0.46651303 0.31305105]
 [0.52427617 0.52370012]
 [0.78462392 0.70600923]
 [0.76489029 0.6740545 ]
 [0.60847299 0.50448445]
 [0.41463552 0.3460901 ]
 [0.30450765 0.30909107]
 [0.32526475 0.30064793]
 [0.3143462  0.29369173]
 [0.30601059 0.29019362]
 [0.2996887  0.28668757]
 [0.29983044 0.28468818]
 [0.30010874 0.2801938 ]
 [0.29552748 0.27583432]
 [0.29297942 0.27370492]
 [0.29277812 0.27035973]
 [0.28878862 0.26513497]
 [0.28137643 0.25958705]
 [0.27173524 0.25409162]
 [0.26141719 0.25010212]
 [0.25532748 0.2430877 ]
 [0.25039883 0.23704227]
 [0.26011626 0.25394492]
 [0.3146392  0.27758772]
 [0.36923611 0.37805358]
 [0.51423692 0.5058248 ]
 [0.58151455 0.42402938]
 [0.34707945 0.29710765]
 [0.25208601 0.24896283]
 [0.23531859 0.2393755 ]
 [0.23674159 0.23652855]
 [0.23107842 0.23554078]
 [0.22667206 0.23867597]
 [0.22883896 0.23789   ]
 [0.22594206 0.23887452]
 [0.23040602 0.23946555]
 [0.23461004 0.24059787]
 [0.24122928 0.24325408]
 [0.24897897 0.24721737]
 [0.25639642 0.25025375]
 [0.25917654 0.25508905]
 [0.26199592 0.25953635]
 [0.26034592 0.26342983]
 [0.25755858 0.26856492]
 [0.25831579 0.27387863]
 [0.26290759 0.27920727]
 [0.27481591 0.28685845]
 [0.2980316  0.35159495]
 [0.40816345 0.45978987]
 [0.51128727 0.50078713]
 [0.46958866 0.42379207]
 [0.3624375  0.33746572]
 [0.30365975 0.29489227]
 [0.29035964 0.2939395 ]
 [0.30959329 0.34802063]
 [0.38552942 0.64164572]
 [0.77951402 1.06024563]
 [1.14616203 1.328144  ]
 [1.18219656 0.91038222]
 [0.51181514 0.4891912 ]
 [0.3235861  0.33859598]
 [0.28848128 0.30047488]
 [0.30484316 0.28312415]
 [0.30371665 0.27830142]
 [0.31178752 0.27488822]
 [0.3044094  0.27530763]
 [0.30006849 0.27578477]
 [0.28648684 0.28052635]
 [0.28382983 0.28666018]
 [0.29142641 0.6789349 ]
 [0.83567983 2.5632385 ]
 [3.13608367 3.90734967]
 [3.93939822 5.06154283]
 [5.17821043 4.278677  ]
 [2.97902933 3.00537617]
 [2.35842234 1.746906  ]
 [1.06795043 0.89345032]
 [0.77878705 0.53570292]
 [0.59928463 0.39746703]
 [0.51095383 0.35211122]
 [0.44354804 0.33105205]
 [0.44678784 0.321686  ]
 [0.45856962 0.31137132]
 [0.46271331 0.30205293]
 [0.47882842 0.294767  ]
 [0.49605652 0.29056278]
 [0.48845438 0.28715485]
 [0.48177437 0.28611982]
 [0.50201707 0.28729163]
 [0.46542346 0.28570832]
 [0.43283217 0.2870087 ]
 [0.38292141 0.29063947]
 [0.36015111 0.2958276 ]
 [0.36253604 0.29991155]
 [0.48490248 0.30595582]
 [0.73722849 0.36677432]
 [1.12715286 1.00315185]
 [2.0679921  1.4677415 ]
 [1.83559844 1.50005933]
 [1.39305947 1.3646045 ]
 [1.10945715 1.08210835]
 [0.85418378 0.72516717]
 [0.5612814  0.49203272]
 [0.46051709 0.3896513 ]
 [0.41063365 0.3778135 ]
 [0.42882802 0.39708775]
 [0.44706176 0.34608875]]
