[[0.39186403 0.32961278]
 [0.30142505 0.30295047]
 [0.35198603 0.29022715]
 [0.38038848 0.28386105]
 [0.37790995 0.28184997]
 [0.376931   0.28055357]
 [0.3642464  0.28625848]
 [0.34488272 0.28954878]
 [0.33233531 0.29467105]
 [0.33273664 0.29565698]
 [0.37622692 0.29629015]
 [0.46950443 0.29775302]
 [0.62504321 0.31305105]
 [0.76495302 0.52370012]
 [0.79329455 0.70600923]
 [0.91218202 0.6740545 ]
 [0.7205674  0.50448445]
 [0.54194561 0.3460901 ]
 [0.38338345 0.30909107]
 [0.30431527 0.30064793]
 [0.33606707 0.29369173]
 [0.32029515 0.29019362]
 [0.31060824 0.28668757]
 [0.30557962 0.28468818]
 [0.31326673 0.2801938 ]
 [0.31911256 0.27583432]
 [0.31967741 0.27370492]
 [0.319343   0.27035973]
 [0.3187636  0.26513497]
 [0.31123769 0.25958705]
 [0.2985572  0.25409162]
 [0.28365801 0.25010212]
 [0.27044411 0.2430877 ]
 [0.26841532 0.23704227]
 [0.27989677 0.25394492]
 [0.32324903 0.27758772]
 [0.42220193 0.37805358]
 [0.49903645 0.5058248 ]
 [0.59636885 0.42402938]
 [0.57804325 0.29710765]
 [0.32782207 0.24896283]
 [0.24009708 0.2393755 ]
 [0.23144669 0.23652855]
 [0.23148793 0.23554078]
 [0.22045864 0.23867597]
 [0.21178697 0.23789   ]
 [0.21260609 0.23887452]
 [0.21091343 0.23946555]
 [0.22009534 0.24059787]
 [0.23076309 0.24325408]
 [0.24460111 0.24721737]
 [0.25767323 0.25025375]
 [0.26711225 0.25508905]
 [0.26849864 0.25953635]
 [0.2664663  0.26342983]
 [0.25961643 0.26856492]
 [0.25247876 0.27387863]
 [0.25230488 0.27920727]
 [0.26286358 0.28685845]
 [0.28962195 0.35159495]
 [0.33438787 0.45978987]
 [0.43647808 0.50078713]
 [0.47513079 0.42379207]
 [0.40728669 0.33746572]
 [0.32151325 0.29489227]
 [0.28862227 0.2939395 ]
 [0.29101824 0.34802063]
 [0.31316976 0.64164572]
 [0.37251853 1.06024563]
 [0.6109441  1.328144  ]
 [0.84314942 0.91038222]
 [0.78940972 0.4891912 ]
 [0.30929225 0.33859598]
 [0.25142761 0.30047488]
 [0.28459075 0.28312415]
 [0.32975576 0.27830142]
 [0.33909656 0.27488822]
 [0.34901195 0.27530763]
 [0.33755378 0.27578477]
 [0.32230872 0.28052635]
 [0.30455075 0.28666018]
 [0.30923639 0.6789349 ]
 [0.34995553 2.5632385 ]
 [0.82386107 3.90734967]
 [2.60397747 5.06154283]
 [3.34178454 4.278677  ]
 [3.98945565 3.00537617]
 [2.15303284 1.746906  ]
 [1.75891575 0.89345032]
 [0.8921365  0.53570292]
 [0.82649424 0.39746703]
 [0.69147596 0.35211122]
 [0.56435354 0.33105205]
 [0.44984705 0.321686  ]
 [0.48780798 0.31137132]
 [0.548235   0.30205293]
 [0.61076517 0.294767  ]
 [0.69619021 0.29056278]
 [0.77305474 0.28715485]
 [0.75795448 0.28611982]
 [0.77184994 0.28729163]
 [0.74672757 0.28570832]
 [0.65743415 0.2870087 ]
 [0.563448   0.29063947]
 [0.48875465 0.2958276 ]
 [0.50934952 0.29991155]
 [0.67140316 0.30595582]
 [1.10382513 0.36677432]
 [1.77251443 1.00315185]
 [2.41403004 1.4677415 ]
 [2.92847891 1.50005933]
 [1.99073183 1.3646045 ]
 [1.10976421 1.08210835]
 [0.81242337 0.72516717]
 [0.66258474 0.49203272]
 [0.49182108 0.3896513 ]
 [0.4602604  0.3778135 ]
 [0.43204952 0.39708775]
 [0.45435879 0.34608875]
 [0.46821579 0.30974888]]
