[[0.27107169 0.30295047]
 [0.30077985 0.29022715]
 [0.41577206 0.28386105]
 [0.46765316 0.28184997]
 [0.45694381 0.28055357]
 [0.44201935 0.28625848]
 [0.40872096 0.28954878]
 [0.37205464 0.29467105]
 [0.35096002 0.29565698]
 [0.36796711 0.29629015]
 [0.4649492  0.29775302]
 [0.66585778 0.31305105]
 [0.96616065 0.52370012]
 [1.20423654 0.70600923]
 [1.18404914 0.6740545 ]
 [1.072034   0.50448445]
 [0.63563624 0.3460901 ]
 [0.43056318 0.30909107]
 [0.32564083 0.30064793]
 [0.29405902 0.29369173]
 [0.34795791 0.29019362]
 [0.33218368 0.28668757]
 [0.32736876 0.28468818]
 [0.32495402 0.2801938 ]
 [0.34608758 0.27583432]
 [0.36011852 0.27370492]
 [0.36560131 0.27035973]
 [0.36390649 0.26513497]
 [0.35759301 0.25958705]
 [0.34071915 0.25409162]
 [0.31782995 0.25010212]
 [0.29450588 0.2430877 ]
 [0.27785015 0.23704227]
 [0.28304918 0.25394492]
 [0.31940786 0.27758772]
 [0.41338028 0.37805358]
 [0.5801579  0.5058248 ]
 [0.68810626 0.42402938]
 [0.70238036 0.29710765]
 [0.5565824  0.24896283]
 [0.28657633 0.2393755 ]
 [0.21682597 0.23652855]
 [0.21995813 0.23554078]
 [0.21977342 0.23867597]
 [0.20360512 0.23789   ]
 [0.19147573 0.23887452]
 [0.19267432 0.23946555]
 [0.19476187 0.24059787]
 [0.2122936  0.24325408]
 [0.2332678  0.24721737]
 [0.25720719 0.25025375]
 [0.2757894  0.25508905]
 [0.28474381 0.25953635]
 [0.2810604  0.26342983]
 [0.27068577 0.26856492]
 [0.25650635 0.27387863]
 [0.24440825 0.27920727]
 [0.24411744 0.28685845]
 [0.26328191 0.35159495]
 [0.31066048 0.45978987]
 [0.38591424 0.50078713]
 [0.47309882 0.42379207]
 [0.4238646  0.33746572]
 [0.32111926 0.29489227]
 [0.26082844 0.2939395 ]
 [0.26186754 0.34802063]
 [0.2865614  0.64164572]
 [0.31501202 1.06024563]
 [0.35270774 1.328144  ]
 [0.41087029 0.91038222]
 [0.4779663  0.4891912 ]
 [0.33158934 0.33859598]
 [0.09577593 0.30047488]
 [0.19392642 0.28312415]
 [0.30844251 0.27830142]
 [0.38316787 0.27488822]
 [0.39607321 0.27530763]
 [0.39806233 0.27578477]
 [0.37323022 0.28052635]
 [0.3403161  0.28666018]
 [0.31752997 0.6789349 ]
 [0.33613213 2.5632385 ]
 [0.42761954 3.90734967]
 [0.82075204 5.06154283]
 [1.98968793 4.278677  ]
 [2.54834199 3.00537617]
 [2.39342681 1.746906  ]
 [0.92880048 0.89345032]
 [0.82660819 0.53570292]
 [0.52886196 0.39746703]
 [0.7893683  0.35211122]
 [0.75321019 0.33105205]
 [0.61631362 0.321686  ]
 [0.48352291 0.31137132]
 [0.62534111 0.30205293]
 [0.80171276 0.294767  ]
 [0.97688048 0.29056278]
 [1.16534017 0.28715485]
 [1.29987109 0.28611982]
 [1.22613289 0.28729163]
 [1.20955953 0.28570832]
 [1.07225208 0.2870087 ]
 [0.87565401 0.29063947]
 [0.68595574 0.2958276 ]
 [0.5823435  0.29991155]
 [0.67968999 0.30595582]
 [1.08477643 0.36677432]
 [1.98364977 1.00315185]
 [3.28473219 1.4677415 ]
 [4.30866016 1.50005933]
 [4.12364416 1.3646045 ]
 [2.12947723 1.08210835]
 [0.69080806 0.72516717]
 [0.40324888 0.49203272]
 [0.38859685 0.3896513 ]
 [0.38293517 0.3778135 ]
 [0.45606723 0.39708775]
 [0.47166413 0.34608875]
 [0.51313157 0.30974888]
 [0.53026167 0.29047453]]
