0.12492305681795274
0.06753633335305792
0.06062161676803258
0.0589170002911439
0.05771007256294241
0.0528579928899107
0.050810503185490824
0.05198598133520395
0.046132879236796626
0.0440420197518575
0.04278714027978797
0.04042015723803757
0.03773959100421721
0.033168213552951104
0.033715146672786626
0.029959158968743058
0.030514144420833732
0.028870390441052177
0.027648721200163325
0.02566551891684346
0.025851939681590226
0.022882360467626685
0.023204332567500142
0.02478922928548035
0.02300202584522644
0.02176468669523264
0.020872658671735395
0.02117261514074063
0.01957223818104659
0.019410798252160875
0.017241762085264817
0.019355317954209923
0.01724867009745154
0.017555020927461706
0.016347112060963315
0.01662393460443377
0.01600744506669485
0.01648600074181814
0.015542243403565366
0.015987692411034
0.01432010344371407
0.014941001306584958
0.014695039001678789
0.014625176171736733
0.015612061381093976
0.015335880041502221
0.013553868673633873
0.013436078217371403
0.013829360508977102
0.014522345264614522
0.012918084059172788
0.014429087859590375
0.014649765254437126
0.014413894673729223
0.012968934111995518
0.013948922155900283
0.012421283358819748
0.012920636671426153
0.013229769394519277
0.013329927616895939
0.012993973130912575
0.01304928885433939
0.013273947085054572
0.012784298139659398
0.012647924417435352
0.012869905002926925
0.013067638256056948
0.013862638367530263
0.012605387123238535
0.01293950563728723
0.012370629891730357
0.013593991897321354
0.014009975501856127
0.013288534363476148
0.012341707630882024
0.013765201845585103
0.012189930418138371
0.013340157031823282
0.012167940416460774
0.013360291559954841
0.013244299887737536
0.013598758757400917
0.012646237178591747
0.01307632134444536
0.01267232123337344
0.013410875024208057
0.013049548477278614
0.01156288786260573
0.012168283389248444
0.013148281518488389
0.0124514095369448
0.013334401214545658
0.011971951162160212
0.012323274559598342
0.012933979602005171
0.012843240257808173
0.013186867135633898
0.012141521468946637
0.013105206486273323
0.012272305566997968
0.012624507684817122
