0.2928257915878532
0.0894317913152754
0.06435014846371924
0.061174309000766196
0.05232962231711746
0.049754561675541806
0.04695340890588152
0.04543494597537245
0.042597561177544103
0.039861487273320444
0.037277344714804796
0.03228908781619305
0.030466832266809567
0.02665689336302736
0.02700930053122772
0.024481735381811885
0.0224534380458354
0.02155949597309688
0.020544713363694476
0.01939028603596482
0.018175306610707192
0.018781115332395376
0.0178398234800825
0.017377017571945513
0.018499728786674066
0.016334774865964734
0.0160513827792566
0.016715098400752387
0.0170100265521955
0.018947601089539603
0.017703136685767076
0.017216730020364626
0.01573475173212008
0.015504446930094964
0.017140280323159836
0.017173606464651995
0.015488831894814719
0.016365256761219027
0.01657071326454563
0.016508906223317393
0.01597882879686697
0.01635371209416913
0.014981602511330258
0.015900247570558388
0.016596523924168747
0.01445513376470072
0.015981888837735898
0.016279688622369868
0.016023049447548017
0.015022699908179973
0.01549658330942804
0.01616268592031011
0.015759637867578283
0.01549207700026288
0.015028723707537198
0.014821688570902327
0.014699832421354479
0.01532342984412139
0.0162513182416853
0.014365918163009047
0.015500766049793505
0.01607018226288216
0.013563446755076735
0.01454263570251583
0.01483837490890041
0.015465855620962888
0.015254208922473565
0.0159525632209686
0.016013255396031625
0.016193336797126805
0.015263707678040592
0.014709093639272695
0.01610557515785477
0.014386848512417045
0.01560004888328371
0.0151943449118153
0.013477037008325277
0.014348214669935003
0.014468008748606846
0.016264892555184776
0.014536330516449767
0.014893832936897331
0.015167365609425177
0.0144020769167556
0.014925133610138181
0.01413959179531598
0.014199459192522433
0.014551767746039338
0.01480174553425422
0.01379495989056346
0.013879973128501337
0.015071894706160285
0.014691568968349422
0.014354969368820225
0.014287715266519353
0.01546990342917595
0.014281113300551476
0.014767528226660075
0.015996609988994055
0.015259677989013008
0.015371232425595505
