0.3909380738896728
0.24631563655607386
0.14547285800326124
0.10109281746284388
0.08093938707007896
0.06605307511471822
0.06280383417220811
0.0574621747817535
0.05136328025804194
0.04718563737099988
0.042927239687656334
0.03955816237598008
0.035066372822895694
0.03465079227669256
0.03294918777351603
0.031537041034443936
0.030664899668326112
0.030189318031457704
0.03072381256161281
0.02904320586542814
0.028188059891632592
0.028011332230718052
0.027084392558249584
0.027701535095417826
0.02609847210279934
0.02649409705789132
0.02673824698182261
0.026142701246983327
0.02510257462658448
0.02496456587365023
0.025080558570782525
0.02447938453536975
0.023598880437988398
0.024845080207295315
0.023807226745797057
0.02319164697226608
0.0233364590952816
0.02332905517868879
0.023277129031120627
0.024424455805712824
0.02274169802065041
0.023367034358254518
0.023697016707443085
0.023123194944579175
0.024321068850836593
0.02445383280765994
0.02319531287174308
0.023262517338000843
0.023338374118955545
0.024322395351217104
0.023374931734256418
0.024003904666979037
0.022927213892314238
0.023828930081379488
0.023517211050153426
0.02304164406939627
0.022675144395280844
0.02407277738832889
0.023391009403222012
0.02382488577494391
0.023801584183124183
0.022079030687299675
0.024690960709962934
0.022977564504708923
0.023716491595712562
0.024823656549881636
0.023419933840838444
0.02305466063644561
0.02313213953336606
0.024552337824836696
0.023748204844490934
0.02299032090273663
0.02212579441789147
0.022190933847205756
0.024135057629787383
0.024047624110632385
0.023490227691720728
0.023903269137254143
0.023188792645438376
0.023310312227502926
0.024659495368852785
0.022454524064154973
0.02371512308852983
0.02332295611641701
0.023625641649795276
0.024183946857426485
0.023997976857184095
0.023878560774108666
0.02350183120541998
0.02293719948830304
0.0227279381654694
0.02412506199963099
0.023813271515182064
0.023487831522670446
0.02298060882575624
0.02462108414664339
0.024045024103328205
0.02418089761994134
0.023823856747880484
0.024322176030324234
0.022684915000339884
