0.2432542490691491
0.15747843192442268
0.10924983579758753
0.08763344180267298
0.07847897589471489
0.07587832262926256
0.06832678451641754
0.06511526786897454
0.06321742438123702
0.059122412219183705
0.05629671289081766
0.05242482444341383
0.049074890115311486
0.045548425283245104
0.044419301038310675
0.04043132934958992
0.03734384918760827
0.03456613610787805
0.03181311804146764
0.0294599496820954
0.026175506505290397
0.024587206580190053
0.022350806263531448
0.01983065120820335
0.01861865922969021
0.017523993340660675
0.0158374275722617
0.014198458485180976
0.013676202965681365
0.012695778371019838
0.011680974815051974
0.01129385181779348
0.010666265690648729
0.009974977162437679
0.00947031168128659
0.009279913760560103
0.009179254498750665
0.00800086171855207
0.008129321851932507
0.008479324596283293
0.007929186175367524
0.007506808574842777
0.007752222023787503
0.007509842621323973
0.006818358698706713
0.007318989467296864
0.00675235629186013
0.006794362944872122
0.00708884567484343
0.006532139004496717
0.00679305966690608
0.006296747637276827
0.006387573916640483
0.006879437439494968
0.00609976179309614
0.005785357259309663
0.005646535739166882
0.006029155927397756
0.005810470908907853
0.005986921910032906
0.005874906318170083
0.005999507668347513
0.0057250941286962325
0.005995014445633429
0.005552209206435709
0.005520285737374424
0.0053592982935261255
0.005293170123878799
0.005804209280185336
0.005920741722290997
0.005819629011946471
0.005691349955034635
0.005837700646831755
0.005476899931910158
0.005030659201939726
0.005582014961813364
0.005203016410452561
0.005416036337731551
0.005128650305920405
0.00560243226902936
0.004967024919681045
0.005135153483771495
0.0050677724418094
0.005090941867687431
0.005016433867933217
0.005067062115000017
0.004650117596607246
0.0047325890877589856
0.004579634524433853
0.005399598681468746
0.004900943581495147
0.0050899477259279844
0.004774944963378959
0.004832782867479362
0.005422374989450119
0.005156229204516151
0.0057284233465024975
0.004660108830003158
0.005094089094894466
0.004969506688537072
0.004803382168281604
