[[0.42933647 0.4306341 ]
 [0.27050208 0.32961278]
 [0.32793297 0.30295047]
 [0.33202632 0.29022715]
 [0.31287056 0.28386105]
 [0.29752183 0.28184997]
 [0.28086022 0.28055357]
 [0.27165083 0.28625848]
 [0.27675651 0.28954878]
 [0.28448648 0.29467105]
 [0.31543969 0.29565698]
 [0.3361723  0.29629015]
 [0.36994594 0.29775302]
 [0.39013982 0.31305105]
 [0.41841839 0.52370012]
 [0.79101565 0.70600923]
 [0.80263424 0.6740545 ]
 [0.56166855 0.50448445]
 [0.34497611 0.3460901 ]
 [0.26917839 0.30909107]
 [0.33671262 0.30064793]
 [0.31084486 0.29369173]
 [0.30422667 0.29019362]
 [0.2955356  0.28668757]
 [0.29450175 0.28468818]
 [0.29379021 0.2801938 ]
 [0.28811452 0.27583432]
 [0.28410131 0.27370492]
 [0.28028532 0.27035973]
 [0.27347132 0.26513497]
 [0.26258843 0.25958705]
 [0.25440675 0.25409162]
 [0.25067039 0.25010212]
 [0.25346781 0.2430877 ]
 [0.2536264  0.23704227]
 [0.26129391 0.25394492]
 [0.30822913 0.27758772]
 [0.33457604 0.37805358]
 [0.509379   0.5058248 ]
 [0.60802518 0.42402938]
 [0.28105942 0.29710765]
 [0.22091988 0.24896283]
 [0.24607939 0.2393755 ]
 [0.25051603 0.23652855]
 [0.24392085 0.23554078]
 [0.23903014 0.23867597]
 [0.24206534 0.23789   ]
 [0.23433159 0.23887452]
 [0.23828027 0.23946555]
 [0.23852424 0.24059787]
 [0.24255908 0.24325408]
 [0.24747365 0.24721737]
 [0.25286826 0.25025375]
 [0.25496143 0.25508905]
 [0.25986616 0.25953635]
 [0.2648083  0.26342983]
 [0.26721049 0.26856492]
 [0.27542674 0.27387863]
 [0.28314615 0.27920727]
 [0.29439768 0.28685845]
 [0.30888874 0.35159495]
 [0.43100301 0.45978987]
 [0.54842535 0.50078713]
 [0.48872798 0.42379207]
 [0.31601549 0.33746572]
 [0.28118964 0.29489227]
 [0.28438723 0.2939395 ]
 [0.31211074 0.34802063]
 [0.40623081 0.64164572]
 [0.87711561 1.06024563]
 [1.29653496 1.328144  ]
 [1.37942646 0.91038222]
 [0.3042513  0.4891912 ]
 [0.28420316 0.33859598]
 [0.3000495  0.30047488]
 [0.33470018 0.28312415]
 [0.31238409 0.27830142]
 [0.29081054 0.27488822]
 [0.2620942  0.27530763]
 [0.25587197 0.27578477]
 [0.25345377 0.28052635]
 [0.27705176 0.28666018]
 [0.31114679 0.6789349 ]
 [1.08515278 2.5632385 ]
 [4.17134021 3.90734967]
 [4.55762334 5.06154283]
 [5.77135037 4.278677  ]
 [2.52385416 3.00537617]
 [2.04339527 1.746906  ]
 [0.7858829  0.89345032]
 [0.68575849 0.53570292]
 [0.57148205 0.39746703]
 [0.52160847 0.35211122]
 [0.45298498 0.33105205]
 [0.42989866 0.321686  ]
 [0.42138001 0.31137132]
 [0.41309641 0.30205293]
 [0.40902704 0.294767  ]
 [0.41163025 0.29056278]
 [0.50638964 0.28715485]
 [0.19734614 0.28611982]
 [0.33550934 0.28729163]
 [0.23686781 0.28570832]
 [0.23823994 0.2870087 ]
 [0.23739931 0.29063947]
 [0.30290376 0.2958276 ]
 [0.37274073 0.29991155]
 [0.51206816 0.30595582]
 [0.634287   0.36677432]
 [0.78805674 1.00315185]
 [1.89730529 1.4677415 ]
 [1.78685215 1.50005933]
 [1.34786514 1.3646045 ]
 [1.1214033  1.08210835]
 [0.78664981 0.72516717]
 [0.47728319 0.49203272]
 [0.42282297 0.3896513 ]
 [0.38600648 0.3778135 ]
 [0.43032462 0.39708775]
 [0.44515788 0.34608875]]
