0.09864662165463908
0.07798227461822042
0.06666128580164504
0.06292737743277255
0.05365899070048515
0.05324365672746882
0.051572251994043306
0.047848582867487534
0.04431931068725567
0.041627821131618836
0.03626684473877516
0.03489714386374257
0.03390776198069285
0.029406676439488584
0.027509636121151825
0.025446462898403535
0.024513192010741938
0.021276482958476537
0.02076610141187736
0.018638454027908247
0.01691491563828399
0.015902216333819164
0.013492923980207542
0.013715293133462845
0.011677372100093857
0.010866990160890926
0.010329829320047886
0.010120368968229754
0.009908544926051754
0.008618584901417405
0.00818482919329747
0.00757466707780481
0.007431224377690609
0.007560875409017581
0.007517413427746678
0.006862540410358613
0.006140308382106031
0.006337761370820095
0.00605399693693413
0.005883468322308936
0.006181815547660309
0.0055807120550076346
0.005135471406200507
0.005268143727357401
0.005580841411987044
0.004746191374744839
0.004753810042314942
0.004459119781631963
0.0047408538187679655
0.004247905150850427
0.004521368430343341
0.004609523577475619
0.004314088733717802
0.004208089386417159
0.004258101608586692
0.004384478829112374
0.004518406405992782
0.0037214679345434127
0.004127607821723656
0.003709862459140842
0.0040191054581653835
0.003914650388518329
0.004237241384323092
0.004181949799411593
0.0036923750088226734
0.0038166437719014856
0.003321975047095812
0.00424299837195791
0.003843396802114253
0.0032059028757234825
0.0034522635825426085
0.003599761984979332
0.0035737607852259125
0.003184447452787537
0.0036628306359905633
0.003368785803300515
0.0031445613776897056
0.0035634571235312685
0.0034568581761034575
0.0034050016760216665
0.002935048336662729
0.0039100717231865265
0.0034662949093938306
0.0032226461323893907
0.0030404174064056788
0.0033240957005454836
0.0033136132664532162
0.0034983554671801894
0.003567789991298159
0.0037055868145993215
0.0031448666517533215
0.0028736454641914316
0.003150599118395519
0.003523295559895506
0.003296096665549252
0.003326994355339875
0.0029671362407759296
0.003528377102613538
0.0031581909568646756
0.0034969847952425292
0.0038065253570478776
