0.5027814454901889
0.2488940132470093
0.1107268125700773
0.09602839136857837
0.08774377642625247
0.07386731021529605
0.06309413517466791
0.05280595662045119
0.047697737625876285
0.040754349957873276
0.03797473279577148
0.03503719713935496
0.032085867247172495
0.02994857455290426
0.027629139886377534
0.02751924139326989
0.024219284627558707
0.023553315426009438
0.02016962583410676
0.020169586126677703
0.019217534963747077
0.018452276237683356
0.01848661148651375
0.01775650688597608
0.016742438112703564
0.017258488936135977
0.015240078262905757
0.01581457822517433
0.016027746092555598
0.015086990506100583
0.013879025844771633
0.014406418517682311
0.01390933202831366
0.014049585747254113
0.01327689185466353
0.014097876776950383
0.014062163318973874
0.014368037092422223
0.013981106085452633
0.013973912732824821
0.01346162101570627
0.013965443031756085
0.01415191935234906
0.013370932034453716
0.011765258962533012
0.012654968628063293
0.012518593093511953
0.011669064430175222
0.013222774044787743
0.012982113664390185
0.012834626251434897
0.01249031426759336
0.012624422361326056
0.012236244330479963
0.012045028214680634
0.011951479198935234
0.013228317762972966
0.012316223595125977
0.011774738881229384
0.011302112068971436
0.012951473573724297
0.011283459008535493
0.011179055024024593
0.012463345119043415
0.01264956369504751
0.012551576115937935
0.011324819020101183
0.012019793098576592
0.011968986189319124
0.012061914939252485
0.012597554674571654
0.01144710228418968
0.011240287625589276
0.011450328755496566
0.012258943369764996
0.012301133433857135
0.012266976343189658
0.011310193934983155
0.012640024213109426
0.011518036364265604
0.010888156472492593
0.012123569513118283
0.013713282968105013
0.012073289747975136
0.012288027764780225
0.012343286522214907
0.011163367539342852
0.0122957700900963
0.012006568947587705
0.012153723402666104
0.011741336479199862
0.011616535718225865
0.012598920369120296
0.012275108417671557
0.012391324967512688
0.011083500974422492
0.012281687602905643
0.011284530296572691
0.012658406204391568
0.01235887640346648
0.012283510803835518
