0.22910092771099608
0.08173723063459036
0.06172828185664208
0.05278117053021741
0.04408227231778487
0.04215214808447215
0.036375005846936474
0.03228966453187877
0.030336028110268146
0.02465859546289957
0.021304999646848042
0.017239014908597226
0.013600221730625897
0.011766097554031683
0.009768809908981057
0.00811787861275569
0.007315878059907167
0.007073283861916368
0.00624810396510437
0.005760534653525147
0.0056575860922232326
0.00477287728836455
0.004830671125283536
0.004170341672747245
0.00408502872125624
0.003972969958791615
0.003992662980994492
0.003473872288796317
0.0038130720230772626
0.0037079031648920156
0.003576061136732007
0.0035649270081774065
0.0035481377604327058
0.0035686091497589573
0.0031584856853947834
0.0034063975640111436
0.003845469665367101
0.003105789473320662
0.003614191977731007
0.0033020658752553767
0.0034352888545572118
0.003045475040561841
0.0028271430073746606
0.003260576819777738
0.003418087885367005
0.003292559106835006
0.0030818353996825095
0.0032356923896445446
0.00340114403312533
0.0029052428251275637
0.0032505064047583247
0.0031943310595275026
0.0031426427555122454
0.0033786631857771862
0.0028471480929000825
0.0033161423009376474
0.0030956325397973375
0.00326751673328847
0.0033825148963961497
0.00315768554724268
0.0035057007021861595
0.00293178728127852
0.0033704252858637847
0.0030510670913320346
0.0036840274125550993
0.003666293420533747
0.0027261745371412716
0.003189322212184801
0.0034596695978332793
0.003443021605531381
0.0033862816889393666
0.0028769168501237338
0.0031782780682746235
0.0030813301086892292
0.0030782809872886845
0.0029013360526121534
0.0035117349582427008
0.003409250556637605
0.002997272977810229
0.003366690419438275
0.0031689161387477194
0.0034015201237019726
0.0029787700150779505
0.0032311313370749603
0.00343745964087982
0.0032409659254876385
0.0035723691633577255
0.0034962567514875372
0.0032054019082451255
0.0033653176466133393
0.0032764498953045313
0.0028270464967166914
0.002977347325650143
0.00282838691881222
0.003028965893493104
0.0030390937712707
0.0038287690478564142
0.0035337538400183038
0.003273364010920204
0.0030184039310702537
0.0029985193873241713
