0.571329526289267
0.3165677834295313
0.16253873092572632
0.09623053652836956
0.08023495462166025
0.07294853601785506
0.0647053625540768
0.05713429283014593
0.050521896547472835
0.043817391656996975
0.036581747902746854
0.03090085512319637
0.026383583307122375
0.022507642347278863
0.019156274882302236
0.01702800830584603
0.015025189025199115
0.012987122771802065
0.011594110524811966
0.011487386669208923
0.010311275945664524
0.009473821742596209
0.009155219230470964
0.008516957999793441
0.008171562854167999
0.008399836880888282
0.00776939702532718
0.00741441134943552
0.007586141488581727
0.006939543412282362
0.006852896800608304
0.007099502206481797
0.006354912927842082
0.006919322351567526
0.0063954432579897925
0.006766637687972663
0.0065199866738341545
0.00611920882166284
0.006489370844666553
0.006189713333364575
0.006149259062204882
0.006289137873326645
0.0062367620893416425
0.006117695100118535
0.0060589383226395755
0.0062195512607247806
0.0059700481316023605
0.005831059184168429
0.0058764238071048365
0.005967919507516271
0.005539742130561585
0.005807175926542457
0.005686849759954076
0.005718272815993036
0.005748698687028744
0.005719590664179517
0.005185336521155941
0.00547488900001387
0.005895740733032263
0.005698624829084918
0.005783398647278866
0.005593493362562921
0.005251829979934462
0.0056349796120691974
0.006524857950206991
0.005475274625538113
0.005770209794982211
0.005234407801361807
0.005218845967618892
0.005641299792856468
0.005646915130480165
0.005397993971812719
0.005602719399348622
0.005291085419668879
0.005465379168488399
0.005532975793709601
0.005122894794123123
0.005318481020126352
0.005424591313649644
0.005161890445912375
0.00528370780832284
0.005064786171871025
0.005596514077998257
0.0058459244671140225
0.005601952921015239
0.00497565392260242
0.005569616163495951
0.005323932255145431
0.006372086729261905
0.005561116900595071
0.005596782728504903
0.006020936083193231
0.0050712967251358215
0.005364098928866768
0.005333137496803472
0.005754799229972985
0.0052940905636217235
0.0055804773940013675
0.0054058653326854505
0.004726807111796735
0.005419439963567481
