0.16130129033581597
0.07545660267122388
0.06087577367841645
0.05697553551215658
0.053562063221803374
0.048324955289134094
0.04432154635092408
0.03974188494359016
0.03649806531531091
0.034003245904561004
0.029602814952479514
0.026328732378026506
0.024107279818658008
0.02120913138452525
0.01897981470758137
0.01749064047689775
0.016101694601501827
0.013784252166098191
0.012831003098173251
0.013153094486034715
0.011795430863529733
0.010773901671514973
0.009840008438970397
0.008804378983087157
0.009037287200678415
0.008550950235188008
0.007623099346726182
0.0077422081232404955
0.007007113011615907
0.007081645357341186
0.007171622849038916
0.006463959931287943
0.006873725198581641
0.006335190245804375
0.005923662545602809
0.005926484890692257
0.0058184027242945335
0.005658814213548406
0.0056611820990035205
0.00500865084462903
0.005371413745402711
0.00549899539141725
0.00499206351066983
0.0055523216693861245
0.005467256189145738
0.00520925451798775
0.005213743016456172
0.005542643132178651
0.0050336127522499175
0.0046855952966568725
0.005220805611986017
0.0049160827333442104
0.0050858426142501405
0.004814200152602681
0.004894269653686162
0.005001850248687315
0.004937949376149632
0.0050568074166845705
0.0047145928802140025
0.004549491289050669
0.004369898473478289
0.004446333473892168
0.00463991991873098
0.004311204015543985
0.0047940146346634235
0.004716403243522292
0.004330834753776428
0.004305569544776719
0.004009252355605385
0.0044321765023353525
0.004620530470696753
0.004538214526486886
0.004075880515740495
0.004952697835560867
0.004265563746179049
0.0039708188670082405
0.004058137930286691
0.00412602214748773
0.00411680966174764
0.0038407013761714765
0.0037679300451328845
0.004113140941928253
0.004103421617954775
0.0038708243744789927
0.0038255668280089837
0.0038458881621103477
0.004686722804391998
0.003962613275795252
0.0036990906270861802
0.004498228085295555
0.0037659679099742442
0.0037410844620479724
0.004188823827387698
0.0038685560336279437
0.003532811570988779
0.003797422460344615
0.004057684752886913
0.0035899258715045516
0.0038685947914480776
0.0036324117386070157
0.003925454533116839
