0.1831301123670313
0.12781475625791697
0.10241288654777608
0.08824523191466131
0.07899826302249083
0.07233993432676616
0.06733589723268392
0.06118402758141728
0.057682302729343
0.05314818591802873
0.04915895010545651
0.046059721073634714
0.043235377993786954
0.03951725186346597
0.03651594699150649
0.03400461649582227
0.030574410967300163
0.029092084967104158
0.02665256161412217
0.025264305391030997
0.022203545036185223
0.021772954008902987
0.0204614531472696
0.018859636405723145
0.01881793856850935
0.017811686839525373
0.017159853964746185
0.01530081507141765
0.015014141853146066
0.015043426703100441
0.013979135566298337
0.013503204706802044
0.012557128997084999
0.012822100594372866
0.012056304629847034
0.011908458535677999
0.012271383354817943
0.012112100453545604
0.011262483789308156
0.01088461290709917
0.011117794359326793
0.010557103720417457
0.00998580048294512
0.010268721961880183
0.010590988040028726
0.009888969090041375
0.010352451437983938
0.01001032373035123
0.009215811488373873
0.009731053998355225
0.009263148491558258
0.0094145900888289
0.009356608542376795
0.008783702143881456
0.009063531388672207
0.00970285025377142
0.009124309177877116
0.008769604859051436
0.008984463868465721
0.008966514479126522
0.008392743924061322
0.008710897080299798
0.008194185110792764
0.009390032490940696
0.008796087601566303
0.008574035776906618
0.008401018977081563
0.0086634065342125
0.008774569749451658
0.008785393711863047
0.008565990266900995
0.008607421855806336
0.008525282220645643
0.008635176357034412
0.008780469428195367
0.00843479042751474
0.008474380962654878
0.00814471285201649
0.00841773095959148
0.008712382835290819
0.008832415858945742
0.008614432400612416
0.008709873422401926
0.008047172396225051
0.008143725057145263
0.008403331943375033
0.008647522182545693
0.007966442400754597
0.008441720028671893
0.007937455899097334
0.008183361691751776
0.008026574960787595
0.008359376463758643
0.00851772104603652
0.008738251650302207
0.008042714534695369
0.008687593070676866
0.008010427693379223
0.007951568694217396
0.0084460262209812
0.008365749674467786
