0.07721805429516888
0.07091701834998482
0.06548011083013032
0.0611467640095217
0.057071458861699335
0.05343074279837275
0.04914466403110862
0.04365222990117497
0.03914328141507916
0.03619282127295954
0.032988414728132874
0.02995624365715457
0.027319902523243705
0.02479145369238392
0.023421219836424444
0.02208485379410105
0.021524950417214545
0.02057830461585796
0.01982961149104577
0.02014362086916543
0.020529696952729656
0.019916286855441154
0.019930730881072542
0.020322468510600374
0.020221728008101597
0.02015654531802477
0.020397827502436197
0.02024336537767441
0.020014593065706646
0.019870993423392557
0.019187900132192764
0.020192813416157078
0.020136172001426315
0.020206898102451153
0.020001084111800047
0.019924229709138017
0.02025596462933486
0.02032365087652131
0.019785866641297827
0.02049650623574037
0.02041671025710299
0.019782489378418904
0.020826195525303938
0.020062608594238737
0.019903779768765652
0.019956996218235407
0.02030933683099725
0.01969704975029315
0.02027263501835919
0.019861396732538505
0.020143332879057643
0.020294939383908677
0.019695723250963276
0.02003554624997797
0.020521292310987756
0.019564435594063182
0.020440265103733514
0.01988168911635979
0.0202963085186142
0.02030130071656598
0.019667925002751545
0.019931519542538037
0.0194438814071736
0.02007653827527953
0.019766014609911328
0.02056802457402501
0.01969481624907577
0.020526448067728315
0.01980631776230067
0.02037315124945481
0.019363446833123184
0.02056058560643498
0.01992135972671136
0.01989904446480357
0.020133748943470975
0.020251770706354158
0.02044732196776988
0.02020777808959665
0.02009241774212536
0.019533386093972774
0.02027703030034181
0.019580280305032286
0.019979258428664996
0.019816017931275694
0.019306107141994742
0.01934732983040333
0.0200936443676236
0.02003097656083847
0.01912357892129375
0.02025846251440783
0.020824409926139383
0.019781572402640227
0.0200289622993648
0.019647708668835008
0.019740990030486762
0.020254040456113138
0.01990516697607918
0.019809427660403753
0.021006219912205977
0.019394230322429425
0.02032101851313988
