0.19670603766937636
0.14999634175526566
0.12154808881076154
0.10802860928797342
0.1021525939833784
0.09979541978968445
0.10129925069516904
0.10151781136746109
0.1018692962092162
0.09913468299935066
0.09843362988268335
0.10043255050953738
0.09859587905950351
0.10181548460973537
0.10070956614185335
0.09953426272288032
0.10008239318427968
0.10025263611196895
0.10065402770952227
0.09972314521059746
0.09682350805593459
0.09843422136459168
0.09988834916245538
0.10152038077237727
0.10036931758206888
0.1029458365674078
0.1005942368511862
0.10053668445154267
0.09981073380096624
0.10020277975475216
0.10122988910108789
0.1013838003043659
0.10027731655899214
0.09814654335874602
0.1032327519713645
0.10137850285794821
0.09989188740372727
0.09883437417534051
0.10166132454812388
0.10077285045933114
0.10085960537252577
0.09902426248058464
0.10091685344643049
0.10067453704067154
0.10166668730925227
0.10138869157857684
0.10110674406549994
0.10070453428408815
0.10216423935370675
0.09915370623048947
0.09983782278154431
0.1015388932348589
0.09934903188464214
0.10064817285948115
0.09992214988387725
0.10101482782572521
0.09934312120529286
0.10102242388190052
0.09889544584141216
0.09814265470916585
0.10106467701892122
0.09882777950949269
0.09955384928451477
0.101205152235766
0.1004570730011005
0.10177931081202989
0.10226467703567563
0.09930761705569362
0.1007944798945197
0.10145763864067642
0.09957280198840254
0.09884836241694843
0.10100066640435364
0.10136081378182059
0.10054395548081335
0.10036838666559059
0.10128271077911817
0.10130064374309194
0.10286667025291614
0.0987781675109279
0.10070263721296063
0.10029604930478156
0.09904478655695609
0.10120230200024542
0.10061747105345302
0.10022732395202302
0.10223742809296688
0.10120245242570311
0.10087253747368687
0.10020032564389515
0.09972446932516113
0.10163342028583688
0.10008853522965276
0.10083881155249366
0.0992573305419845
0.10014602002369626
0.10015467112277279
0.09925870059642757
0.09978307783631217
0.10127007304321384
0.10042174325092434
