0.28198328477691537
0.15598245409715017
0.10524809889748167
0.09495681170969013
0.0889286614854587
0.081729177265584
0.07352639977930153
0.06609818537859614
0.06184746999663509
0.05556752334343473
0.050822269439009145
0.046329223624540346
0.04209471843552791
0.03692920560386787
0.032390222531110506
0.029389498623206414
0.02647651737567975
0.024357185529979754
0.021638656927772306
0.019421252016524955
0.01763270650843291
0.016197856907274818
0.014454773203285073
0.013937155919707655
0.013138850220290575
0.011806835079388081
0.011098343167428446
0.01049875824475664
0.010126280811065584
0.00921139916369004
0.009234463046272609
0.008155275217187504
0.007877410077629536
0.008119245989306705
0.00822950902745052
0.007534207338006951
0.007421607666842613
0.007314118893415834
0.006494129901683476
0.006442965739450872
0.00671099354761753
0.006468388051800299
0.006095866238378221
0.0066145325249595535
0.006501232166974159
0.005265424819074656
0.006027963934243792
0.005633792157947521
0.005819514363953377
0.005264399396552655
0.005139176144997414
0.004787165815688146
0.005289127844432024
0.005290143379107955
0.004931920883837779
0.00478046628706262
0.004755804597813028
0.0045337689341015544
0.004591346386267912
0.0044631765818083065
0.004758488165702285
0.0045375810936392775
0.004497632468821037
0.004224173141527201
0.004308849260510258
0.004318405778090594
0.00486511176806168
0.004125924400467221
0.003831671475884332
0.004090921005206326
0.0044836977016248815
0.0044523146569674715
0.0039886301817137135
0.004137046081226587
0.0038864111065418814
0.0038590327961982194
0.00401250278080268
0.004471775281758709
0.003814178672153278
0.00413571836252072
0.003514173087923647
0.004110319878557296
0.004031467709665126
0.00393466565869359
0.003630745287706947
0.00384649238797295
0.003810638002045236
0.0036850309806947174
0.003821213934453725
0.003535084917886918
0.003771381531724338
0.0036817085317897343
0.003664665614859497
0.0038499197067466285
0.003467865939177257
0.0034458238976124416
0.0039285235127782476
0.003456419407604374
0.00334148057547534
0.0033361361592470513
0.0033954594594175222
