0.20752055372431127
0.10215036879326421
0.059257754681277156
0.05782240652512662
0.05506704622116288
0.05346465023402795
0.05122846236460457
0.05017579683025056
0.04583179713732869
0.04301028687923311
0.03984565961997783
0.03710153308861689
0.034761942120568705
0.03478027386383268
0.03338996110565756
0.031641937607836734
0.028308227456147656
0.02672233116357201
0.02532239878239833
0.024203139749856033
0.022917856340699767
0.02151496802143971
0.019596821015398017
0.019309843635461284
0.0189170332258975
0.018288246811836193
0.016242235813548694
0.016210789111695538
0.014845881847766852
0.01421395875213199
0.013297673464747181
0.013022301657185341
0.012491466980797351
0.011193168849138565
0.012090422024952634
0.011714195367417744
0.010890210381257861
0.01125459608237715
0.010636502146667982
0.010355176576780136
0.010038826053125215
0.009940535383323089
0.010118759190759651
0.010847365520020543
0.009231514923269752
0.008748876932587552
0.008794346020591034
0.008651065116758302
0.009373014382157867
0.00911051739790472
0.009405119972067685
0.008496693500879355
0.008589701723982534
0.008560778991858663
0.008170232405575462
0.008321693921871267
0.007662532899273743
0.007803099338749674
0.0074702950288867125
0.008006393884246461
0.008897948373799416
0.007368777828810293
0.007664477220645807
0.0077137312176173
0.007939557795750736
0.007947738578370443
0.007830220366980894
0.007935870201194553
0.007417848720661651
0.0076002703384035345
0.007907891416913556
0.006958339471004644
0.007163494089275525
0.008064090244388044
0.008382662102967415
0.007214910577968555
0.007659381732239747
0.0074006720677647075
0.007251130799595788
0.007484650863361884
0.007885204719719392
0.007586619167276414
0.00737771575065802
0.007915823978967697
0.0077752674734384835
0.007375599568414746
0.007264291712952339
0.006802199940278385
0.0068959155092756875
0.007803901206733205
0.006746464591616721
0.007425370643670048
0.007772420378640401
0.007876518364112782
0.007100790195511591
0.0063371598805795895
0.007019431528328132
0.007238954173967961
0.00660320741631382
0.006641703986494164
0.006994545839738288
