[[150.74453111 149.5       ]
 [144.58905897 144.5       ]
 [138.48315239 137.5       ]
 [130.64365193 131.5       ]
 [127.37321098 126.        ]
 [122.96127973 122.5       ]
 [120.87194879 118.5       ]
 [117.86976841 119.        ]
 [120.09973143 123.        ]
 [125.71865064 128.        ]
 [131.8079952  136.5       ]
 [140.91898256 142.        ]
 [145.74268469 144.        ]
 [146.66310691 144.        ]
 [145.65214809 144.        ]
 [144.8418967  144.        ]
 [144.15905909 143.        ]
 [142.63223243 143.        ]
 [142.83274    143.5       ]
 [143.74921071 145.        ]
 [145.92129381 146.5       ]
 [147.70697941 149.        ]
 [150.17067184 150.66666667]
 [150.89494774 150.        ]
 [148.50757798 148.        ]
 [145.25372339 143.        ]
 [138.90830367 135.5       ]
 [130.6636811  129.5       ]
 [125.07436974 122.5       ]
 [118.95521765 116.5       ]
 [114.09450006 111.5       ]
 [110.05717658 106.        ]
 [105.64138065 102.        ]
 [103.09299461  98.5       ]
 [101.00478584  95.        ]
 [ 98.59655101  92.        ]
 [ 96.36618957  89.        ]
 [ 93.64723284  86.        ]
 [ 90.53172826  84.        ]
 [ 88.42358802  83.        ]
 [ 87.50570126  85.5       ]
 [ 90.8264145   89.        ]
 [ 95.36046709  93.5       ]
 [101.10870947  96.5       ]
 [104.81011384  99.5       ]
 [108.05356883 101.5       ]
 [109.40339603 103.5       ]
 [110.05550004 105.5       ]
 [110.12847899 106.        ]
 [108.08058841 106.        ]
 [105.7177172  106.        ]
 [104.0993443  105.5       ]
 [102.4630185  103.        ]
 [ 99.25923778 103.        ]
 [ 99.44726229 103.5       ]
 [ 99.91575017 107.        ]
 [103.69609553 111.        ]
 [107.9632401  118.5       ]
 [116.31076213 125.5       ]
 [123.68096247 130.        ]
 [128.0195998  132.5       ]
 [130.05616147 135.5       ]
 [132.7813109  137.        ]
 [133.52505097 137.        ]
 [133.18937532 138.5       ]
 [135.35921764 137.        ]
 [134.01569569 140.        ]
 [138.68497031 142.        ]
 [141.34025073 143.5       ]
 [143.30977816 147.        ]
 [147.45967234 142.        ]
 [140.10576553 139.        ]
 [136.40318957 133.        ]
 [128.81499461 125.        ]
 [119.79245873 116.5       ]
 [111.18815342 102.5       ]
 [ 97.79046719  99.        ]
 [ 95.53592969 104.        ]
 [102.92467891 106.        ]
 [106.80308764 109.5       ]
 [111.72114751 114.        ]
 [117.26269297 118.        ]
 [121.69491294 121.        ]
 [124.65832423 125.        ]
 [128.42556098 128.        ]
 [130.634615   130.        ]
 [131.68513443 130.        ]
 [130.60762277 130.        ]
 [129.98641743 130.        ]
 [129.64969252 131.5       ]
 [131.5016622  133.5       ]
 [134.03122913 135.        ]
 [135.96521738 137.5       ]
 [138.93922951 139.5       ]
 [139.97204852 140.5       ]
 [139.84160897 139.5       ]
 [137.34101772 137.        ]
 [133.31999037 132.5       ]
 [127.4216459  103.5       ]
 [ 95.77230762 115.5       ]
 [111.15893703 112.5       ]
 [109.84538844 110.        ]
 [108.28011587 106.        ]
 [105.60112217 105.        ]
 [106.0037523  106.        ]
 [108.32106784 113.        ]
 [116.58941019 118.5       ]
 [122.38638679 123.        ]
 [126.56843043 129.5       ]
 [132.57658905 135.5       ]
 [137.3562833  137.5       ]
 [137.83326989 137.5       ]
 [136.87074136 137.5       ]
 [136.38152436 138.        ]
 [136.77744909 139.        ]
 [138.01331035 140.        ]
 [139.31267103 143.5       ]
 [143.82672463 145.        ]
 [144.93890852 142.5       ]
 [141.01379769 140.        ]]
