[[146.03748483 144.5       ]
 [138.58535583 137.5       ]
 [131.74821668 131.5       ]
 [123.92965868 126.        ]
 [124.3699476  122.5       ]
 [121.41822122 118.5       ]
 [120.88188476 119.        ]
 [118.95984317 123.        ]
 [122.72882187 128.        ]
 [129.41004119 136.5       ]
 [135.94659829 142.        ]
 [144.59886896 144.        ]
 [148.52579547 144.        ]
 [148.56400302 144.        ]
 [146.69464895 144.        ]
 [145.12485376 143.        ]
 [143.98929636 143.        ]
 [142.39523501 143.5       ]
 [142.9467192  145.        ]
 [144.40779725 146.5       ]
 [147.06768611 149.        ]
 [148.79993232 150.66666667]
 [150.54578342 150.        ]
 [149.89723332 148.        ]
 [145.83991749 143.        ]
 [141.48755475 135.5       ]
 [134.48412661 129.5       ]
 [126.33352502 122.5       ]
 [121.61940078 116.5       ]
 [116.89768253 111.5       ]
 [113.45122807 106.        ]
 [110.53159686 102.        ]
 [107.31335308  98.5       ]
 [106.15044937  95.        ]
 [105.27295908  92.        ]
 [103.71835114  89.        ]
 [101.94974253  86.        ]
 [ 99.26377902  84.        ]
 [ 95.92219855  83.        ]
 [ 93.73052344  85.5       ]
 [ 93.12172669  89.        ]
 [ 97.47999202  93.5       ]
 [103.29779566  96.5       ]
 [110.28044087  99.5       ]
 [114.37479939 101.5       ]
 [117.18217955 103.5       ]
 [117.08243791 105.5       ]
 [115.62645334 106.        ]
 [113.21376759 106.        ]
 [108.52723009 106.        ]
 [104.07190718 105.5       ]
 [101.22713916 103.        ]
 [ 98.94065051 103.        ]
 [ 95.72077387 103.5       ]
 [ 96.05108644 107.        ]
 [ 96.47719089 111.        ]
 [100.20296998 118.5       ]
 [104.67927873 125.5       ]
 [113.2529772  130.        ]
 [120.79884149 132.5       ]
 [124.99804888 135.5       ]
 [126.56102944 137.        ]
 [128.76021531 137.        ]
 [129.05998602 138.5       ]
 [128.82634482 137.        ]
 [131.72351642 140.        ]
 [131.31867611 142.        ]
 [137.04819473 143.5       ]
 [140.4950752  147.        ]
 [142.60565435 142.        ]
 [146.56293344 139.        ]
 [137.71065983 133.        ]
 [132.79403126 125.        ]
 [124.15204346 116.5       ]
 [114.80900507 102.5       ]
 [106.81315166  99.        ]
 [ 94.93180331 104.        ]
 [ 94.39506985 106.        ]
 [103.66511359 109.5       ]
 [108.94439697 114.        ]
 [114.89424244 118.        ]
 [120.92275349 121.        ]
 [125.39268008 125.        ]
 [128.06075682 128.        ]
 [131.09444798 130.        ]
 [132.38244037 130.        ]
 [132.49994569 130.        ]
 [130.68406385 130.        ]
 [129.63379992 131.5       ]
 [129.30525165 133.5       ]
 [131.63586893 135.        ]
 [134.79742146 137.5       ]
 [137.0891505  139.5       ]
 [139.94652018 140.5       ]
 [139.40102613 139.5       ]
 [137.738937   137.        ]
 [133.7141478  132.5       ]
 [128.35928623 103.5       ]
 [121.62117845 115.5       ]
 [ 90.34820524 112.5       ]
 [107.67544403 110.        ]
 [108.12086253 106.        ]
 [107.916687   105.        ]
 [106.61391867 106.        ]
 [108.32492813 113.        ]
 [111.66924481 118.5       ]
 [120.35816484 123.        ]
 [125.91384124 129.5       ]
 [129.45009943 135.5       ]
 [134.25169984 137.5       ]
 [137.67870859 137.5       ]
 [137.23918031 137.5       ]
 [135.66692633 138.        ]
 [134.90202455 139.        ]
 [135.40445746 140.        ]
 [136.96512202 143.5       ]
 [138.49755609 145.        ]
 [143.35883652 142.5       ]
 [143.89085955 140.        ]
 [138.67559156 134.        ]]
