[[139.43077704 137.5       ]
 [130.94794784 131.5       ]
 [123.93719786 126.        ]
 [116.9092566  122.5       ]
 [121.826159   118.5       ]
 [120.6219474  119.        ]
 [121.77025427 123.        ]
 [121.09311487 128.        ]
 [126.44294823 136.5       ]
 [134.20590709 142.        ]
 [141.09472835 144.        ]
 [149.05065657 144.        ]
 [151.81283907 144.        ]
 [150.70424006 144.        ]
 [147.7053731  143.        ]
 [145.14271033 143.        ]
 [143.40505885 143.5       ]
 [141.67067728 145.        ]
 [142.58737536 146.5       ]
 [144.60642217 149.        ]
 [147.71034189 150.66666667]
 [149.2246653  150.        ]
 [150.0209017  148.        ]
 [147.78481005 143.        ]
 [141.99925386 135.5       ]
 [136.65820711 129.5       ]
 [129.36004794 122.5       ]
 [121.88699468 116.5       ]
 [118.53457186 111.5       ]
 [115.54024337 106.        ]
 [113.66442846 102.        ]
 [112.02421944  98.5       ]
 [110.12578205  95.        ]
 [110.37270838  92.        ]
 [110.63930793  89.        ]
 [109.77785737  86.        ]
 [108.23829102  84.        ]
 [105.31041289  83.        ]
 [101.47998266  85.5       ]
 [ 99.05956798  89.        ]
 [ 98.76574204  93.5       ]
 [104.39599057  96.5       ]
 [111.75445401  99.5       ]
 [120.1350276  101.5       ]
 [124.47692673 103.5       ]
 [126.49083449 105.5       ]
 [124.44361378 106.        ]
 [120.44654883 106.        ]
 [115.32488532 106.        ]
 [108.07972507 105.5       ]
 [101.86907718 103.        ]
 [ 98.22106103 103.        ]
 [ 95.64508505 103.5       ]
 [ 92.66301236 107.        ]
 [ 93.20065387 111.        ]
 [ 93.51326288 118.5       ]
 [ 97.22584596 125.5       ]
 [101.94308138 130.        ]
 [110.77357211 132.5       ]
 [118.35939301 135.5       ]
 [122.10633064 137.        ]
 [122.79394454 137.        ]
 [124.09964924 138.5       ]
 [123.63596147 137.        ]
 [123.36585114 140.        ]
 [127.04105874 142.        ]
 [127.63879995 143.5       ]
 [134.54334625 147.        ]
 [138.75284288 142.        ]
 [140.84303385 139.        ]
 [144.37398641 133.        ]
 [133.77706176 125.        ]
 [127.64262325 116.5       ]
 [118.24300243 102.5       ]
 [109.20339584  99.        ]
 [102.54016638 104.        ]
 [ 92.85908273 106.        ]
 [ 94.27884719 109.5       ]
 [105.59814135 114.        ]
 [112.42644418 118.        ]
 [119.46309193 121.        ]
 [125.90404115 125.        ]
 [130.21533389 128.        ]
 [132.31058945 130.        ]
 [134.28455159 130.        ]
 [134.32122429 130.        ]
 [133.19999627 130.        ]
 [130.38462313 131.5       ]
 [128.74718152 133.5       ]
 [128.37312119 135.        ]
 [131.22034627 137.5       ]
 [135.0211535  139.5       ]
 [137.55300288 140.5       ]
 [140.05990415 139.5       ]
 [137.61831449 137.        ]
 [134.18900887 132.5       ]
 [128.55307893 103.5       ]
 [122.0186015  115.5       ]
 [114.87043241 112.5       ]
 [ 85.53482549 110.        ]
 [104.57602228 106.        ]
 [107.10877624 105.        ]
 [108.46249849 106.        ]
 [108.62402027 113.        ]
 [111.66801605 118.5       ]
 [116.02827212 123.        ]
 [125.06248741 129.5       ]
 [130.17681451 135.5       ]
 [132.82605531 137.5       ]
 [136.16303589 137.5       ]
 [138.00766216 137.5       ]
 [136.42142778 138.        ]
 [134.02943811 139.        ]
 [132.8517925  140.        ]
 [133.39548954 143.5       ]
 [135.22911074 145.        ]
 [136.88337108 142.5       ]
 [141.91796696 140.        ]
 [141.59328795 134.        ]
 [134.86498564 125.        ]]
