0.1689658060001559
0.08977515198759291
0.057271218688953116
0.0453840659945515
0.042792258022452734
0.04068712284634078
0.03964956320203333
0.033705205012134816
0.033234336991243354
0.030860340868636354
0.030374501544816485
0.026788386337894377
0.025411576675863204
0.024210327666259093
0.021648546151275913
0.02241061512413012
0.01938914436310814
0.01943814099369628
0.018254997832718094
0.016928324145805553
0.01574840047845985
0.014870116417955296
0.01416414174563544
0.013415742183145616
0.01324414724212584
0.012372711875984075
0.011603249022534826
0.011999944913606396
0.01072228883745163
0.011420144050455393
0.010802908622737304
0.010353447051597301
0.010207940231219126
0.011075972565573257
0.010087877892142664
0.00921016333825657
0.008917127349208494
0.008497935326908056
0.008961352339620483
0.009810012214175172
0.009279843292399436
0.007786736707228477
0.009783316096368788
0.008349940302886182
0.0077147284851874
0.00828437240328806
0.007853563815130539
0.008569527487776786
0.007398426262560274
0.008390419826193358
0.007847224540609533
0.007989760229424147
0.007529706306058513
0.007253630942528535
0.007769466187938585
0.00711159504135966
0.008939056281553897
0.007537579220663099
0.006511413966392283
0.007887950949798779
0.007338632272535951
0.008899013030271028
0.007516819109202775
0.007669898637816352
0.008332753509498688
0.0070686774857029394
0.006820669212719044
0.00683084115306746
0.007826087925284013
0.007429957148262064
0.007513814966355555
0.00714591947314888
0.007081692751934116
0.006242003785051775
0.007139518315523016
0.007264882485694753
0.008450445713571552
0.0070042459990412136
0.006372923154350419
0.006447163858146819
0.006768063458230134
0.007818950285603534
0.007220777611924638
0.007257521225469536
0.006811542453902814
0.007058316304634759
0.006405790866286238
0.006429559660240226
0.006925356374978971
0.008214158088660122
0.0075311772143503266
0.0066288858538133995
0.005746949000334029
0.006344458723086677
0.006871913778720289
0.007040563410729389
0.007004884530461946
0.006822296791569717
0.007102986732663698
0.006866580448169095
0.006584973143992993
