0.4059967410802863
0.23059149110102847
0.12399561563671965
0.07799630597049981
0.06166923420515934
0.05559471769953794
0.05098085247170614
0.047308389096325835
0.04590197203799539
0.040631093692494895
0.03730475413281812
0.03568740089499302
0.032080412351565765
0.030142550872346477
0.02704894087170642
0.023900025416144808
0.022548338632077954
0.019995735555584166
0.01865019678777272
0.016912959921822898
0.01632603249379168
0.01526605296305953
0.014791476177812683
0.013685415282402105
0.012575759429176402
0.01343056500476442
0.011596365545497932
0.012361065205005912
0.011514983728101991
0.011187827043763152
0.011500686164336705
0.010629263060637708
0.011006077153167407
0.009997953534550139
0.010191073343864031
0.009545848842861847
0.010059832767827253
0.009299435969750537
0.009339678653703058
0.009573755761681582
0.009253757540800616
0.008469544861691818
0.00915811639430146
0.008854394484929605
0.0081354112584884
0.008506952975906359
0.008256245510722347
0.007851795797899845
0.008430587636179916
0.007704574367907696
0.008405290407484665
0.007654783188518997
0.008063362223665419
0.007753329367204575
0.007226619391038246
0.007959013314873012
0.007496895683324122
0.007485131022872534
0.007600106940726026
0.007661637722774357
0.007315133934983535
0.008026865008778021
0.0072461327576348435
0.007917773180171762
0.0078097527570368955
0.007562900064657318
0.006659072167073343
0.008180021247503099
0.007085343883419064
0.007680125219516253
0.007133558496750589
0.007524013126233824
0.007293610453996905
0.006735657741685573
0.008273792999637562
0.007398046071142372
0.0073094317748909135
0.007367215330448094
0.007740981301395077
0.007119704459014748
0.0073199688362084216
0.00730073689150531
0.007205155282938152
0.007042109681784157
0.0068890982977317765
0.007486182681211434
0.006913247461998879
0.007675455575766255
0.007092134729741746
0.006959792704415579
0.0072692473642909745
0.007352581901948164
0.0070055265817505225
0.007276381582256404
0.0069003788275740045
0.007193154990652295
0.006495933850450527
0.0071656828869361925
0.00741684835871407
0.007336191311024165
0.007315892788304057
