0.30932969229142027
0.09392383626811315
0.06685107658346014
0.05536401641802053
0.044496154155359825
0.03911897727401245
0.032789817776271
0.025956740658106364
0.02298597460671197
0.01865401926455163
0.01668781736891488
0.013456834918599518
0.012347379791534904
0.011002818871146344
0.01011781245276472
0.00899538233239149
0.008821234833089142
0.008091324677949936
0.007954132751114283
0.007753847164792
0.007196936270159029
0.006978308100998789
0.0067796780311994665
0.006172156498840183
0.006338300878898755
0.006120577402757472
0.005942020212498333
0.005239263297252648
0.005497554955771249
0.005393796320798349
0.005246514847031314
0.005024258953565418
0.0046622263898210125
0.004810571642888651
0.004802932728064553
0.00515865269129661
0.004274147467753078
0.00436431454803955
0.004265503643114646
0.004530680986484069
0.0041571287138775885
0.004071383651445907
0.004206367248818406
0.00398403994321792
0.004114561964346024
0.0040270339351520116
0.004452023645599039
0.00373441041201699
0.004064184400045416
0.0037981476843348258
0.003954117237183872
0.003997962839308484
0.0032612026949040804
0.003471107309150243
0.004170578177579913
0.0037387745578839645
0.004037355261230726
0.003806240072485768
0.003413173736871924
0.003949840020767798
0.0034335108312529244
0.0038439311152173345
0.0033202982581171186
0.003712357626289742
0.003773309233016913
0.0036543582138828224
0.0036001804598099407
0.003553329359810471
0.003445678677328176
0.003958237344436988
0.003834887245571713
0.0032894846284765413
0.003143086335508708
0.0035041970153159314
0.0035324031793571432
0.003579435362799683
0.00343318382491614
0.0032946725770488373
0.0036082935085472593
0.0035366047916204407
0.0033625159241815546
0.0035012788497745025
0.003584083987682716
0.0032788888513050197
0.003355802438371636
0.003641039539969218
0.0032393374545383775
0.003127780741359406
0.002748592073454425
0.0032320428692028413
0.0033547157165242265
0.0032231336458898884
0.0032581634349207866
0.0032309967869812713
0.00340571381851083
0.0029729976005158695
0.003306636128918769
0.0034975623165680843
0.0030820904938178018
0.0029292138958758995
0.0033672900208687653
