0.217160590964405
0.11864664726185438
0.07848150514657741
0.06953508106773044
0.0638928454097247
0.057242087242679825
0.05564794112710724
0.052483515221218996
0.050891505711345604
0.04384562948590695
0.04181297883614347
0.037787256942741196
0.03588357144123623
0.03129728398940458
0.031179388892099095
0.028610980003908278
0.025841375639671614
0.023489750724950638
0.021152540033199878
0.02067334940018695
0.019771557028564406
0.017598049362719206
0.016085330966172554
0.015275970864820607
0.013637739193343438
0.01336282716829481
0.012259083037641757
0.011646448911333148
0.011418452685505884
0.009811132973466004
0.00914766257570522
0.008173130785334763
0.008106854044798412
0.007633115767779082
0.007750722925718124
0.007222327299442697
0.007126890804795195
0.006729328634181862
0.006511883507391337
0.006616640325648989
0.005850684941125438
0.00607323046355197
0.005771912782749395
0.005829184493852286
0.005732392385447504
0.005549367374424469
0.00551928057759417
0.005286388393451797
0.005324149916253209
0.005218211553375869
0.004862200017637077
0.004561960870918379
0.005038411323270587
0.004361127145950935
0.004378910472951008
0.004409053885447992
0.004259917076718884
0.00408064261729409
0.004040841417596252
0.004539742448316141
0.004127359669542141
0.004395489001811185
0.003969334233284942
0.004200901998445085
0.004218883026056664
0.003634182490521619
0.003852163094797693
0.0041439805036648965
0.003878572043893297
0.003720584218778971
0.004176250048494867
0.004074210624683641
0.003655612204676445
0.0035293270066268116
0.003462254718870399
0.003260682826095443
0.004083385923445002
0.0037512466314255336
0.0036626376291275776
0.003734768571442162
0.003540545019408234
0.003945559331957007
0.0036433888286133164
0.003296289212139061
0.0033122529757200953
0.0033378935863211494
0.003526796143994044
0.0034996231497292887
0.0037103123509117488
0.0031637214407086232
0.0035853362994579334
0.0036562223784934763
0.0033407133548357427
0.0033098934541316593
0.003472698916660093
0.002967678308585791
0.003468817942624697
0.0034351636870840895
0.0033407870004304313
0.0035031598692033365
0.0033756632273341976
