0.110644980402311
0.08751910472640224
0.07128199713411788
0.06206281210272081
0.05504143882258267
0.05275387792163784
0.04971160103763546
0.04817319089357749
0.04506244890645913
0.04029393695274867
0.03896544989691982
0.03723785671640595
0.032250668587615834
0.032629752147234146
0.031350448005975876
0.028775192139520775
0.02677585909084288
0.024064854872675002
0.022888667173735742
0.02200854572573257
0.01925749488734274
0.019101502870687022
0.017287951999687707
0.01613689721415742
0.015137131838938937
0.013813232256126691
0.013482700204472975
0.013008280798238615
0.013082240439570307
0.011198631575737781
0.01108272744469103
0.010350697719405942
0.010924808588867078
0.009689193537123067
0.009065511623607017
0.0093411699360031
0.008711768538817803
0.00891582585822777
0.00810520192851083
0.008064028412149014
0.00788240857383003
0.007792911126798448
0.007432078591344702
0.007086068586263923
0.00639741218294661
0.00719179793167109
0.006307041625313398
0.00679401061294319
0.007155010397209229
0.006424947620007021
0.005871774550090803
0.0060958897108364255
0.0055734037697435885
0.006457585448296556
0.005971025956813299
0.005723296656673526
0.005329180333381114
0.00546079325656949
0.00565409142918009
0.005401501307230632
0.005028725419792467
0.005292287340762282
0.005007309312890979
0.00491585349596823
0.005096230150932174
0.005335332571312451
0.005052213483993555
0.005011643927582039
0.004984626894388307
0.004789839543658747
0.004956536128207801
0.004828351608470573
0.004830136408710284
0.004771491792739612
0.004924250809846859
0.00507303229515798
0.004570271153080113
0.004751180800025635
0.005014254712259893
0.004926409564320544
0.004816765867506569
0.004538546487440435
0.004868412427872316
0.004837731493677604
0.004549376862628588
0.004672582912867206
0.004803731189077447
0.004743582010969599
0.004858321315631143
0.004639740519974095
0.004675844140112495
0.004737778683788257
0.004499543119492956
0.004716965595464506
0.004441436244830859
0.004651322028872956
0.004435591034389808
0.004657044605315469
0.00500655675812225
0.004675447578053611
0.004907721626860027
