0.0707913338834142
0.051641832877017894
0.04367884210798341
0.035970400465477
0.03130311157506861
0.027302331572552543
0.02483472722942077
0.02360312536875544
0.022237484743820982
0.02060728319397031
0.020683567334677726
0.01936289922861631
0.018437120897488897
0.019237530898988473
0.018882081734763717
0.018700527164457473
0.017445461233039233
0.018124402769752947
0.018600117270216446
0.01849406611264078
0.01781465445390182
0.019451701177504926
0.017617386160315645
0.01838395714828179
0.018798068416408423
0.018862892311327675
0.01812233351722749
0.018237907170675742
0.018339513288348833
0.018174350648514328
0.018258660790613477
0.019018746927394165
0.017853109238757256
0.019253247063683414
0.0182974831098977
0.018123707784724837
0.0181812392003522
0.017463573871864074
0.018526825835679196
0.01878649861775796
0.01808809802948679
0.019831027850103794
0.018482299176720028
0.017778453995014105
0.01803012410477279
0.018791190139598644
0.016478255822777108
0.018877756458682414
0.01789982554571103
0.017987621865638702
0.018261128953057454
