0.11863737564269448
0.09536106773231269
0.08719031557224483
0.07831483074788437
0.0719629466572678
0.06425267181138652
0.05428845219123288
0.047952875675109884
0.040339526308203484
0.033717660533283414
0.02858016962935899
0.02486684089221079
0.021027008592962387
0.0188119039753863
0.016152420531697145
0.014272913469382045
0.013119118498920295
0.01259984385375852
0.011895863863129493
0.010855487334038565
0.009870987686497149
0.009335790623557372
0.009650055528236388
0.009069892330766055
0.008823010063365187
0.008557809717451617
0.0073012701765998765
0.00804228563865932
0.007588464235958962
0.007952903199313735
0.007425833742645121
0.007688638482210185
0.007126590917345039
0.006714878771170254
0.006794396248788926
0.006746435284976564
0.0058869274213299285
0.005958451452869331
0.0065042499007314574
0.005771341081382535
0.005939839675252987
0.0057003232413142205
0.005691042170420691
0.005047935922877862
0.005905131692092251
0.005376247425383547
0.005475066201640687
0.005765990500124781
0.00536503259966831
0.005547990060232471
0.005293870894108591
0.005173434159853849
0.005207717272152264
0.00521045420428221
0.005276795635027335
0.004799638944488916
0.004772564035863075
0.004752559768840346
0.005317317735955345
0.004926375652337646
0.005361200216776508
0.005116938048893705
0.004519482551107777
0.004567474526903027
0.004765671430598211
0.004741795625500327
0.004572331244612133
0.004716891019894937
0.004417298153582656
0.0049766184653030135
0.005007012608859372
0.004561466935441965
0.00477389614671499
0.004064005341185818
0.003952276966195852
0.005116380172900209
0.004294165564902311
0.0045704455939448545
0.004702914821474223
0.004301154355979171
0.004477463379256582
0.005170991164623872
0.0048177927513645795
0.004272293688746879
0.00465744060600773
0.0038797604684293247
0.003819494690452601
0.003980949822115374
0.0041079392668244
0.004717994309919284
0.004376980176705541
0.004181124492779673
0.003892062611715146
0.004719688156845036
0.00447538798992414
0.004565629509951513
0.004624114646834202
0.004284905611630716
0.004204833731658363
0.004521068142856883
0.0040243609511564984
