0.24499156273419428
0.10593593902974202
0.06989219407375258
0.058997903411627216
0.05443236919293453
0.05169626043710508
0.04853597105781783
0.04362233247927992
0.04066195958312175
0.04030857758153846
0.03841289022917506
0.03359925567340726
0.03260018707849126
0.031603565600109094
0.02735847104540507
0.027732620374703226
0.026278071592090873
0.024488097587090835
0.023853168664889284
0.021884279619310106
0.021959458019425147
0.019947387796281295
0.019181679859602258
0.01794999238453968
0.017965057561994787
0.017323126368908846
0.015997669100125927
0.016413902503916975
0.015248808455759108
0.015494975343250783
0.015520417176058473
0.01389650557669486
0.015127528368821972
0.014834509776320386
0.013498962776343366
0.013055232277870385
0.012395639495639717
0.013114288369014649
0.012590340470818626
0.0123694583269261
0.011841463750587443
0.012084053225611189
0.01241485019765687
0.011356523713398426
0.012131419393271056
0.012359417567982802
0.011671788674682985
0.011424879347818958
0.011576613912406232
0.010997863821757702
0.011001419803449486
0.010642604163789303
0.012177340441529901
0.010132190480728064
0.010349413009095707
0.011815413738432057
0.010623504793027205
0.010194064444729603
0.010795627960997664
0.010811682375556679
0.010739884392714118
0.009886271242453958
0.010573775185884607
0.01102577925831245
0.010775724079315555
0.010995642565081794
0.01149421345876062
0.010847239008356633
0.011018801538072772
0.010801537979599804
0.010693595780682696
0.010231299226603777
0.009744493268658968
0.011108840972135433
0.010835418329107697
0.01040498623449075
0.009524168345251714
0.009981148928273016
0.010786175437297776
0.009874961631485558
0.010406069297815705
0.0112509525406645
0.009591734554451104
0.009732766191185726
0.009939177437627934
0.010475329045668487
0.010200634076582714
0.01031195772013327
0.011027185661568515
0.010541494352762856
0.010269076616750231
0.010187772878202432
0.01123794953937857
0.010312648216237615
0.010530594014282406
0.008592226437604303
0.010081085284661999
0.011590693667580079
0.00957301525092148
0.010390413236145223
0.009779113723107245
