0.15790578257216822
0.08434963563197992
0.07186088860078976
0.06175495370531357
0.05542651643449755
0.054882220198274434
0.05402012543115375
0.04996991323342731
0.05070755528663135
0.04451458157732014
0.043634548089232894
0.042449874243958075
0.040136188631291765
0.03727035824672745
0.03543218122596431
0.03144754222043349
0.02978650727299687
0.028666119991637967
0.025909177706359785
0.0246103781110417
0.023548628130026665
0.021302161824267696
0.02082738489393241
0.01839752172723737
0.01743959847463335
0.017293446007643456
0.016665210871528304
0.014672939066316967
0.015612157576236785
0.014334093405750044
0.013835222847927944
0.014505167865202838
0.012852444162996243
0.013074261092607715
0.012387111143275844
0.01196215472079796
0.012208176798810366
0.01090123830061275
0.011976360651760496
0.011239682876568643
0.01151785674448336
0.011904122222446523
0.010550407369572983
0.01019677434719156
0.011198730826251333
0.011079874434844665
0.012353794246109885
0.010506963070108713
0.011444977411060563
0.010536334186817743
0.009796321419163636
0.010121251074357792
0.010816892920526488
0.009680746314418962
0.01050903873071157
0.01040747416687623
0.010255966442119159
0.010227851303036382
0.010332468619971811
0.010758293245324931
0.010509053453282511
0.009832847077575604
0.01082696584107441
0.010622289262060412
0.010579562489584903
0.009952098591679892
0.010188752002635163
0.009505767697488605
0.01016249728663423
0.010021999439039343
0.009626068573655697
0.009414896978249066
0.010980917012238122
0.009530694734470876
0.010076601814809419
0.00978597665758273
0.009441190569368565
0.010030821577520003
0.009789218027534572
0.011138036276281705
0.009183382994392452
0.010080551378113487
0.010460532858274032
0.00912935164474724
0.009630327038347543
0.009622016129629226
0.010304403881697781
0.008745052295614144
0.009606190865454877
0.009720058364411064
0.009930354814984632
0.00998790549306439
0.009450284713282568
0.009900361500392552
0.01045592095442429
0.009333011293261946
0.00934734261325677
0.009537746453434868
0.00914634061563829
0.009732441605424106
0.008982074070464911
