0.190068232765274
0.11452769666458806
0.08031989746025513
0.06832266651284812
0.06329913421627709
0.05589416704202372
0.051367753189229017
0.046094740718437256
0.04088190506478933
0.03596166358169655
0.03190972085265788
0.027628067185304993
0.024480767958728354
0.021070076899028817
0.0187780522312931
0.01664486210663018
0.016592797507787048
0.01441223393720716
0.013852648930947922
0.012794073634313988
0.012299245290806459
0.012379748800928268
0.010755428070840976
0.011055186569621577
0.00994273272471505
0.00958391664477317
0.009363540920729484
0.009454611798513833
0.008983760150091134
0.009204371282576524
0.008771876074711735
0.008289826477714266
0.008100718742194982
0.007948111067279424
0.007258238899062548
0.008213590851954377
0.007414475973087829
0.007385572763012061
0.006636550941323301
0.006687356456452167
0.006641994346855699
0.006988363395970876
0.006427887910071665
0.006508977261114549
0.006352587021113126
0.006582677720148443
0.006269426109372538
0.006322756912034421
0.0072581413539469794
0.007016615648424397
0.00589504640449475
0.00611594078409767
0.005981905158817462
0.0067566988708744205
0.00608945168713932
0.005833198832389106
0.005674532699814401
0.0057667914378578345
0.005437135173950986
0.005548755075868029
0.005510266186308237
0.005556974287918949
0.005577038376757405
0.005547875670135324
0.006593980838816863
0.006311315087814522
0.00553022840739244
0.006103439545351745
0.005606338243691039
0.005292586887989626
0.005737738374662453
0.005474702715560072
0.005785862425328228
0.005849620749754358
0.00573653388417887
0.005147075587120871
0.005397171617765817
0.0056361740240546175
0.0056660978485792305
0.0057436394017643284
0.005575170858884833
0.005272542726997677
0.004942271401179362
0.0049106344825776025
0.005073254352461159
0.005820025681129427
0.005807189669694895
0.005066569268230396
0.005643174219671095
0.005795865884524675
0.005756981804700011
0.005114911603104255
0.004945587277017376
0.005636160309993904
0.005865201470150797
0.0051523961811100576
0.0053555281464670885
0.005116222478555842
0.0051711085228994
0.004894970559039751
0.004906177123219794
