0.43153730659051004
0.3205366734135189
0.23735256595049692
0.18270311274157874
0.14194655798478045
0.12009942530424479
0.10676246868767765
0.10167932648788265
0.09812327375473441
0.09715527566847824
0.09651583804749242
0.09410446011419188
0.09740639268465534
0.09730143546965178
0.0950860894188786
0.09642345196218052
0.09639927840398599
0.09683685519215425
0.0983750600286191
0.09774904212796273
0.09657202681192757
0.09907226939120652
0.09796882533808392
0.09874635453516686
0.0966107165351229
0.0985199555841045
0.09824441013803499
0.096713984844803
0.0984129731818354
0.09851962945729321
0.09854203342931898
0.09708546874967684
0.09762246769672901
0.09779819535428198
0.09615129399702341
0.09684310297593424
0.09877353514767204
0.09894399412689087
0.09782162722957854
0.09836614255118202
0.09787396272324435
0.09648237432121427
0.09802489545926504
0.0986774150166809
0.0963641079064173
0.09684253592032331
0.09737694431921057
0.09700312064316513
0.09698721686336634
0.09807373569631278
0.09853047868686121
0.09590089502019081
0.09795256048468451
0.09686999111986062
0.09743467436550615
0.0967361926813792
0.09762315201257893
0.09906420520270753
0.09793347483064825
0.09778984673230377
0.0982958036964731
0.09822053951906135
0.09552728437138598
0.09743387021235057
0.0964221323858884
0.09744314278926446
0.09744465397249272
0.09713400413048606
0.09794548195141627
0.09874653769232075
0.09734801521261442
0.09707813763312358
0.09534952813771645
0.09653081056494255
0.0954990492887765
0.09661237948561142
0.09933131132105082
0.09589932089871481
0.09718648395675797
0.09668196609161377
0.09881911724313147
0.09848623951685953
0.09891931889428537
0.09680547670519998
0.09776192322119595
0.09847800676530742
0.09650436369984094
0.0983378516692029
0.09862998025492047
0.09784086749529136
0.09700343457849815
0.09655711950268807
0.09757139163249129
0.09703310829154513
0.09634088575665462
0.0966343652281451
0.09739500134698022
0.09685756348911065
0.096413432844353
0.09853718966423118
0.09663573496646981
