0.32234961557905856
0.18293141646990724
0.09495284873420527
0.06326965645305563
0.050500864850437574
0.04206556728129068
0.036140612288792895
0.03202699172481338
0.03185096813438468
0.028947213129154718
0.02923049890737968
0.02911195263423883
0.02820543241982713
0.026760173607353683
0.027340409737408148
0.027257553349672527
0.026726449261649687
0.02660348189050032
0.026753450067434483
0.027325735096876413
0.027514059021630805
0.026884427515289435
0.02732616436217444
0.026492282779197653
0.027442446395073167
0.026692219938617968
0.025824132310754668
0.025847874277889902
0.026467290989649086
0.02681380078635299
0.026222859896551952
0.026975863203999525
0.02643717970753602
0.026370780776919782
0.0254586844928375
0.027177026417741373
0.026444751425453154
0.026111050610552338
0.026063867405711125
0.02595339985208862
0.026876938273948672
0.026770763225489977
0.02584850555881789
0.02638147735303056
0.02700589354984587
0.02686377393909301
0.0260918730537745
0.026177797158508907
0.026900895335093697
0.026294015342615794
0.027647060734856274
0.02699955575744157
0.026009910324280096
0.026199190779601603
0.025986432195550073
0.02566883515548319
0.025840052009455116
0.02730129172886091
0.02710244479021455
0.026212739044058193
0.026619303301773395
0.02621831248383101
0.02646548190961248
0.026629336948770597
0.02623476642452427
0.026193976540019096
0.026486257667331526
0.024979851901411238
0.025810095283074444
0.026848046495724698
0.026022322451392358
0.02650786273617065
0.02652948024663175
0.025741387189148954
0.02660853127338792
0.027321854751303006
0.027155451158324437
0.026139974379636513
0.026455294188474723
0.02749532019604785
0.0261298318991861
0.02625733519316906
0.026238009166130352
0.02520738891330643
0.025771818476862978
0.027036022354666383
0.026837528431786817
0.026570558867543597
0.026424722096087348
0.02699877659707803
0.026918062079767463
0.02714153077757921
0.026548782702346955
0.026441005749429446
0.025931480010564542
0.02559656648097699
0.02648328635539419
0.026725359278503728
0.026536908731487292
0.026428113114734513
0.026223863390286414
