0.21872259495770716
0.12437217588836405
0.09593565100711554
0.0879533951287151
0.0875326255724849
0.08378862899788261
0.07941945992627071
0.08036398292018428
0.07621229705338231
0.07263316313305637
0.06741721670729987
0.06410262710490279
0.06016310825650793
0.056478209682096985
0.052820708858485915
0.047555618866246575
0.04474738516389483
0.04137975610387839
0.03771957037790465
0.035649084785796134
0.03296317458543862
0.031202300745961115
0.02912614092776551
0.028643733665082348
0.02768189578780825
0.0280057653521325
0.027538214209716503
0.027562559293992053
0.02723475006153052
0.027620374176445448
0.027876504654922137
0.027593599109481542
0.027542806151512708
0.027399762042068593
0.02736325586032313
0.02719504803539571
0.02661174044731498
0.02720388812151204
0.02692290927154604
0.02714737025946039
0.027908186644607855
0.02733311361217012
0.027410712750153474
0.027630435538610183
0.027029726180875957
0.026692919958728106
0.02712193383559694
0.02732186288635355
0.027510691357982165
0.027121668404164346
0.027160875615505377
0.027357409029700932
0.02820992503425675
0.02749805651855117
0.0274075435120207
0.027687260420991254
0.027287711924377085
0.027383979226551468
0.027496125248119598
0.027406600328568374
0.026907195702025075
0.027648606356598264
0.027253432719166058
0.0272531150710634
0.026953842285838272
0.02661413084192236
0.027049406533019554
0.027301265126602865
0.027097752576815556
0.02675999510378917
0.02831341311517799
0.027328723678140765
0.02759102143955637
0.027122675501406752
0.027752411372421702
0.02774238042054187
0.028202491813816843
0.028001687059683308
0.027122844369475405
0.027560419616446646
0.02795976596359145
0.027415788300484568
0.02753174943140368
0.027642204452931283
0.026765718481286633
0.02757221882061109
0.026732523002916536
0.028489737522873183
0.02724113062246963
0.02719169286250258
0.027420817597053237
0.02707463903603594
0.02697344402863661
0.02774236626167423
0.02760865863028455
0.028023534595305554
0.02763497228904939
0.026875289734805383
0.027159847035727006
0.027464657085484318
0.026589308416856645
