0.34250570484016896
0.2930359791099942
0.2402704881494685
0.1993296195038113
0.1646641028646247
0.13992393641534814
0.11715812088981202
0.09515810868738736
0.08711332414052941
0.0824378203030269
0.07433113196626383
0.07182021218549192
0.06795361800667375
0.06312471778502088
0.061311487157086536
0.05723081242932978
0.053689731352491554
0.049750557523728534
0.0471003318041103
0.045307662351702215
0.04218474089007715
0.03964076663119895
0.03684544676607261
0.0355941300882835
0.034833369089451824
0.032309819339690495
0.030969221626503923
0.030565002875846407
0.03003675444681223
0.028481168465757826
0.02894603109901484
0.02774881292742361
0.027530560605459622
0.026489491856357263
0.027263018047014524
0.02713272697096669
0.026133141846781387
0.02591533703203958
0.026921256874796247
0.026751508916944357
0.02718099132986289
0.02656059883314566
0.026297455811223027
0.02764960332167991
0.026643298632435614
0.026471577607896556
0.026896123938941602
0.02653459375365725
0.02651354728737378
0.026295540749275377
0.026521570221579818
0.027029075892291927
0.026649113298372305
0.02611144530727502
0.027653887432305083
0.026495479571328213
0.025986177372747436
0.026539720528656715
0.026826066502531606
0.027430271178132164
0.02620507726864551
0.02628306751393599
0.02659954024809032
0.026871651290012497
0.026893768485609256
0.02610759708088924
0.0261736726395532
0.026709438467322207
0.026627206180421623
0.02717107779679056
0.026097663565854915
0.025802482333246973
0.026346988764794275
0.027060036273464854
0.02605078974647763
0.026985922048880853
0.02710379243777665
0.02643482152944339
0.026156825758138144
0.025872961324850327
0.027174084701235283
0.026365288058263495
0.026122940169714805
0.02609774789507002
0.026202115343838175
0.026952553463534618
0.026396874492510287
0.026235776257698677
0.02627908679764222
0.026040996299055718
0.02638420257979202
0.025893130241006042
0.02625072061973627
0.026690069644826005
0.02694026768674056
0.02708126621026062
0.026805989590427372
0.02675136560068804
0.026115297173218883
0.025626587245170928
0.025887100655711603
