0.11213231100567048
0.08893294663494558
0.06870243394421904
0.05455142735456589
0.04204821221348389
0.03412262436392551
0.027726473317419773
0.022905764926367273
0.018595648851659603
0.014719366086810261
0.012949215738859958
0.011121908002690006
0.01012302146373892
0.009364590788188014
0.009145044502871959
0.007828837233294321
0.0077040045111124765
0.007127733503051315
0.007084413397485044
0.006734144778621549
0.006610897969972409
0.0061199207663481655
0.005809520070100915
0.00589720379061858
0.005436249440750718
0.005613480826743344
0.005108676780794163
0.005652550450779585
0.005431095226643005
0.005432540614196963
0.005433188229686774
0.005750332108688177
0.005325625750618058
0.005158998326549743
0.004810375413758268
0.004957618976167237
0.0049223342459799235
0.004841679198959618
0.00459038015749834
0.00481576719344533
0.004405919116721822
0.004553635776196081
0.004320883493014194
0.004788219862223764
0.004492778996711143
0.004096203994223447
0.004085272737998636
0.004578181102332976
0.004335202934225806
0.0037997633331587834
0.004709333152442945
0.004480346972044983
0.004077863623919562
0.004454230787672909
0.004399274325141722
0.004046072915654013
0.004468458813052483
0.0042836879993598965
0.00436189906273423
0.004181331685515123
0.004031700782653184
0.0043053829137503705
0.004321906902677351
0.004175633253462289
0.004027267286549473
0.0044241236576538735
0.004268827024318394
0.0041786646637016756
0.004362975453622341
0.0041409438379199645
0.004162695776893482
0.0040706076702456346
0.0039975956602003836
0.004198313754628751
0.0037213421412643334
0.004042321450325749
0.0041434093398437805
0.003995505949946157
0.0039578783262029914
0.004046648363731102
0.0037721328384942706
0.0042492197511483564
0.004202847305883759
0.0038757588226117517
0.003954291118091767
0.0041185135840259264
0.004042212588649426
0.0043146902923307225
0.003909463848825928
0.00363564720680735
0.003537643713633159
0.0040291422096652525
0.0036471699515879803
0.004065284501745296
0.0034628709992637484
0.0038939819258754452
0.003588152286941763
0.003908339796736728
0.003713134511770263
0.0037107440182066738
0.003912956571200749
