0.10516386909548787
0.08988622466886512
0.08571575744062833
0.07553052295383689
0.06858171963825599
0.06174162083828745
0.05597642562606744
0.0504462167788961
0.04477981043516233
0.04142633332474996
0.03708657331216285
0.03570317945313734
0.03303137065987097
0.031081624962340237
0.03025541575946637
0.02873614106737554
0.02709581994830333
0.025704821681264044
0.024577916515484972
0.02384450307504889
0.022946461392472126
0.022510716387228076
0.021244814608375653
0.02048989511881118
0.019675941379866
0.0193163598693874
0.019004795296859348
0.018928604235132145
0.017514536788774664
0.017915678651842067
0.016898166899539765
0.016508486698061903
0.01704592423897553
0.01642709885152761
0.015381144653902713
0.015218231738453271
0.014187135824016374
0.014471913751087355
0.014461127426509303
0.014028215775356513
0.014102804523700137
0.01401593732772104
0.014100626489270185
0.012651500720563926
0.013534396652477456
0.013296412081659482
0.012412094917012428
0.013425026383030765
0.012427873365235672
0.012325876008137938
0.013332451062557307
0.013031312307597975
0.012274791596470682
0.012605554522367626
0.012672991436462226
0.01183480057054926
0.011610337199808292
0.012393115797671137
0.012073120233577024
0.012031183281816304
0.0117824553245933
0.012322937194696744
0.01179822171114902
0.011781090573039539
0.011315445062651296
0.012147340735709531
0.011855113659172124
0.011505708662614775
0.012126580147095492
0.011887001091047967
0.012132437954157669
0.01192421029190064
0.01174885158108928
0.011192978380961071
0.011801114749891015
0.011758222552653883
0.011451444857832827
0.01175656886926068
0.010586268164456417
0.011554303022736731
0.012212330132587525
0.011827624975986184
0.011601976155212466
0.01217897498091123
0.011992142987783257
0.011669827513941522
0.011130786074946131
0.011670729339171567
0.011178832998678643
0.012134788446996246
0.011773743630522068
0.011447751691381422
0.011602060154593892
0.011742646329736746
0.011486201790199138
0.011551865137343218
0.011593021125054536
0.011641993379064084
0.01238596042527721
0.011890694105953545
0.011123684897645317
