1.1088955408964376
0.7117440548190893
0.44183990269254414
0.24611024319695488
0.14862452601703846
0.10726542779084768
0.09412384982008135
0.08984654139084057
0.08447337583900101
0.07905639898009749
0.07437468493170309
0.06993708699214175
0.0649092890758465
0.058668656651343215
0.05374545134302653
0.04748166851446665
0.042408308989292945
0.03773309814000828
0.033153241267314566
0.030827025142728733
0.02859633728849617
0.026378968617502826
0.02603920552752857
0.026315968399722375
0.023212650644671793
0.022684418516491524
0.022448022946488073
0.02245818135999161
0.020674024357261223
0.022799716698844088
0.021506839169619
0.02142762194686674
0.020847594531972005
0.02137097307661018
0.02050084533403005
0.020533166814997877
0.020587111303621567
0.021101250054247535
0.020085401983826072
0.021018548176954078
0.01972589140823693
0.01925458825899993
0.018929948083862863
0.020066909925973347
0.019453555307233892
0.020088779565408933
0.020888491337859555
0.020362981052453513
0.01958266970327718
0.019897854670892938
0.019800269137272862
0.019811599199129667
0.01875545820082096
0.020625596686809175
0.019357329955126252
0.020430271131842384
0.01994257674856717
0.02062407322222895
0.020514305407171068
0.019329537959402027
0.020214551973988946
0.02067888533014038
0.01920917314963205
0.019296178244140184
0.018500038195357497
0.019731493594679052
0.018493365837887195
0.019703829968558507
0.01939940327624258
0.01938671448668805
0.01923647526586472
0.01855394399893974
0.01923191071799199
0.0183588473869375
0.019413869813332457
0.01982537569182023
0.018897323097574862
0.020152800719095858
0.01925113849918329
0.019512035156625893
0.02083108692707433
0.018589453163636752
0.020033392935379042
0.020197688498818644
0.017875828714347956
0.018825370018933793
0.019641314116439126
0.01923565199335778
0.019398849971834258
0.018361517271562572
0.020103388485351353
0.02009646198738346
0.020312494774910442
0.01928938520642618
0.020006557101469924
0.01882336686525438
0.018580676172740736
0.01927235391054895
0.01986037125705411
0.018714984786283955
0.019626377530263913
