0.1070574332592859
0.1073533963343153
0.10891612242023276
0.10784773661576859
0.10702618661996148
0.10905035652948233
0.10719523948152263
0.10912733841266647
0.10694100323667104
0.10867401792205064
0.10686465679586227
0.10746258901248804
0.10612747365312192
0.10720325087388452
0.10887224950875425
0.10890193600033367
0.10838547866110465
0.10769576295597251
0.10897418603094396
0.10742153269564358
0.10695118929146451
0.10727395598958289
0.10763305554252282
0.10827339699329924
0.10689673868261515
0.10874815931197546
0.10864376433762324
0.10756385133719402
0.10921984741480661
0.10912014851776713
0.10626492906849065
0.10705382548587054
0.1075885017804419
0.10865484869397346
0.10666134779500547
0.10735793439911125
0.10838221426118187
0.10807035908185142
0.1093512693772946
0.108153149597419
0.10835534205974671
0.10803217610236159
0.10932321232545696
0.10719255465582406
0.10737931405803885
0.10772300533105199
0.10779215814067443
0.10850674600134243
0.107134641926186
0.10997939752243555
0.10824957753735756
0.10778087704854264
0.10757342288617372
0.10784278426726356
0.10927744384182116
0.1074505873160384
0.10783900057631444
0.10751685764974926
0.1066675345434115
0.10902109761314467
0.1073687190706969
0.10763567703202687
0.10861714354354993
0.10998355600423573
0.10690814710033116
0.10677920382727478
0.10701738481851783
0.10857377601204903
0.10829520488408816
0.1079201563265296
0.10839781232847052
0.10878533024060034
0.10745859090183138
0.10609809442317167
0.10661532628379546
0.10791379945301426
0.107028318369804
0.10744300971570749
0.10706212106501614
0.1061255984125693
0.107251433868285
0.10661952485064875
0.1068433398490553
0.107222332722201
0.10872198927861253
0.10962015998783496
0.10613346362525762
0.10846959163477567
0.10555034283857168
0.10667750713337114
0.10764015038485412
0.10730525571042972
0.10717917086144667
0.10880180868021644
0.10844550081386538
0.10733866081226255
0.10909589582637967
0.10769072159507564
0.10935610130758304
0.10957252884537035
0.10617448889116289
