0.605130183132662
0.3190612952456902
0.1263231754909319
0.10562162171956316
0.09617820499332543
0.08264007126261885
0.06794639692608057
0.0575689434261183
0.05154534555093853
0.04549203743292113
0.03921083298508239
0.03580030476804991
0.03466342455220453
0.02915638831314383
0.026843833491674376
0.025093742577232982
0.023723497598075148
0.020591362601990935
0.020340513171110877
0.01793581138587133
0.01674188811550771
0.015143241763516436
0.014999815716335867
0.012288094385264525
0.011935412397975706
0.010613909250497313
0.009950062176508715
0.009978977419592172
0.009151741174712095
0.008814404184956973
0.008048551857277923
0.00781384250025003
0.007570268690333211
0.007309525644119789
0.007224098513581485
0.006463414127817742
0.006691648891188496
0.006314925569588664
0.005946821900631077
0.006041187418698158
0.005554324261594617
0.005987033910947981
0.005684759003800027
0.0056457094219007535
0.0051971961354099405
0.005139823520692359
0.005338802176692426
0.00557412699117419
0.005777970143055849
0.005567468221871707
0.0048983321604235885
0.005069295547126316
0.00498594394823051
0.004730849945904604
0.0045093339030439035
0.004817380826057426
0.005247611622558563
0.00566115545580026
0.0046714961536406955
0.00566317997216894
0.004461509023971359
0.004607303307829801
0.005656961825694045
0.0049680179847148434
0.0050719724758781955
0.004614661403368598
0.004746943414905101
0.004881554952085659
0.00474366058937693
0.005138296136667907
0.005015445628651648
0.005871335793962705
0.005288659194452832
0.005284314650982496
0.005492414906205576
0.004511446010424987
0.004618886185186987
0.005406061357137883
0.004847665262905216
0.005034595077643973
0.004345961726115438
0.004412975675698079
0.004552497276387284
0.0048991154882762
0.004530899117042304
0.0047948629666142665
0.004999651244500388
0.004430265629095836
0.004828755578058101
0.0046878970957861315
0.004523081954074316
0.004750569598213028
0.004769001038724265
0.004588279061232014
0.004914313935968366
0.004758951173416413
0.004768315289533448
0.005038842673375034
0.004340926636061247
0.004779487054883939
0.0048865648684941546
