0.18634414832858123
0.10043379270143354
0.08467620305163365
0.07369568757856214
0.0614823821619444
0.05161808445316423
0.04272847544074684
0.035765451354848606
0.030054383985930064
0.026842490649994607
0.023314351316292933
0.02010014962215848
0.019105349289601767
0.016237388516464214
0.015355880140922705
0.014902109228740289
0.013664861760931131
0.012889338194705495
0.012752095464250475
0.012830183251653755
0.012377479186759362
0.011625153397925737
0.012675872646425354
0.011823014281630465
0.01135539473967879
0.011261848214642616
0.01239929519051823
0.011168648622492826
0.011258511332583352
0.0113321146108281
0.011019476092799841
0.011414490688146399
0.010476720271754017
0.010474039692154305
0.01013444992342211
0.01115079261022455
0.010855827131694869
0.010936358131628554
0.010033625629990583
0.011290220527803487
0.009531995982913877
0.01036926011270798
0.010296572240647102
0.010549467018221313
0.010433817061436819
0.010266484449058776
0.009528404179860004
0.009675675484404374
0.01083457924020106
0.009634759848790508
0.01041784937747601
0.00985052120952816
0.010143205122081833
0.009349472530606948
0.009740842585765042
0.01036266745447874
0.01073071633653596
0.010036002438942489
0.00997196318913525
0.009228825093139041
0.009499193662872938
0.010449473801845821
0.009582023944397357
0.009960205841186839
0.010743012402098127
0.010030837563992187
0.009886607999428466
0.010243535843768312
0.009510756459502613
0.00925958063309471
0.009476837683083328
0.010002588105573137
0.009699263162529047
0.009594181070699185
0.01005905161696438
0.010364950754288145
0.010206361759955382
0.009421420532028999
0.009531705037157012
0.010506564463160388
0.009190891245311155
0.009685557881059733
0.009870265551404323
0.009913184425345093
0.009517523039871603
0.009975562502896676
0.00999804447022429
0.009955831757588608
0.010106104447938104
0.01039695884225337
0.009289221362724165
0.01036914118562667
0.010545194584193755
0.009895748910319439
0.01038124766883882
0.009742828007659335
0.009264940808228242
0.009312821121529069
0.009719667044610596
0.009250326046662595
0.009907170424624568
