0.1461555631762791
0.08330062953833277
0.06433043082400287
0.05855897814244403
0.05187970557608052
0.047232274510265466
0.042443864334112506
0.03809466507061057
0.03590388410362186
0.03391499910202012
0.029117072968868146
0.0283203755162738
0.025156338707773358
0.023454153484410697
0.02284194629129472
0.021018166924713613
0.020992609478735293
0.01823309277595839
0.017109918503497298
0.015497940592520262
0.014439549078011475
0.013958039315503453
0.013544771399171643
0.01187952847276756
0.011399250368263895
0.01099483497307421
0.00959686312961292
0.008912934945861888
0.009146486939324008
0.008100268402122577
0.00745520119313126
0.00815184665942299
0.007070651642639035
0.006997026127673704
0.005893927725582517
0.0061987999632007575
0.005815147546860766
0.005845584199836006
0.005677482502091994
0.005236997315752696
0.005289312123612401
0.005113662042716528
0.004651737776129642
0.004322820404529826
0.004360528770764386
0.004130008287258955
0.004141072236097678
0.004878857285619741
0.003873136624789972
0.0039823591218787835
0.003968749533406972
0.00406988170047013
0.0040425203508277305
0.004006881337235573
0.0036015153211939053
0.0035282655745621587
0.0037865736422039
0.003146443603531977
0.0034581698696544323
0.00305806079603152
0.003581863838852266
0.0030809014681179333
0.003657652167105532
0.003399811664584208
0.0037496181651931054
0.0036165786152370207
0.0033961231966307746
0.0034781348234594928
0.003785112606556362
0.0038533415166574184
0.0035640840781670396
0.0037228841388936974
0.003647565170303584
0.0037065542319782603
0.0031293263995863566
0.003061250518122597
0.003580212744376494
0.003535258638960229
0.0038399219483313293
0.0032903931791380403
0.0035806053859282466
0.0030004918241324004
0.003385869079150169
0.0037377007725893393
0.003178736546740505
0.0033717901731235376
0.0034421406890105394
0.0030380444833688048
0.003410055041724496
0.003911700176736572
0.0034110591732861746
0.0038383705434988434
0.0035366370510209206
0.003119391372918747
0.0030892585128472487
0.0036761464294084276
0.0035858945810638226
0.0036482124179191425
0.003460309546667196
0.0030575502690401405
0.0033328416466498617
